20051009T055544 2 93.5649 48.3647 -25.5078 -0.0107527 0.0544315 -9874.64 0.00094328 21.4351 1.06161 1.35907e-15 1.10208e-17 32 1.99813e-14 0.175781 36.9377 137.55 20051009T120048 4 1.78476e-09 4.71043e-07 -5.02143e-06 4.54212e-16 0.000205746 -0.00293413 -9.18079e-15 0.0886118 3.42011e-12 8.53057e-22 2.43152e-16 3.04221e-18 2.43209e-16 3.04155e-16 -1.0391e-17 1.60675e-15 -6.75358e-16 -7.32288e-17
20051009T055544 2 13.5553 47.6731 148.776 0.0552238 0.081428 -28552.7 0.00632831 16.4447 1.1224 2.98218e-16 1.10208e-17 32 2.3183e-10 0.204102 36.9377 137.55 20051009T120048 11 1.52513e-09 3.32926e-07 -4.69323e-06 -7.77795e-17 0.000866085 -0.0011805 3.04092e-13 0.0293138 7.75563e-13 5.27468e-22 6.24729e-17 3.01048e-18 6.25017e-17 3.71814e-16 1.49953e-17 4.12914e-16 -3.44767e-16 -8.24754e-17
20051009T055544 2 12.4736 46.8281 147.781 0.0609278 0.0890545 -127461 0.00574643 12.5264 1.06009 2.21787e-16 1.10208e-17 32 7.33567e-15 0.226562 36.9377 137.55 20051009T120048 8 9.31845e-10 2.43889e-07 -8.06235e-07 2.18666e-16 0.0006825 -0.000536174 3.50307e-13 0.00942956 -1.00254e-12 7.33253e-22 4.76559e-17 2.68166e-18 4.75282e-17 3.10616e-16 2.12544e-17 3.13993e-16 -3.00773e-16 -7.688e-17
20051009T055544 2 79.8898 -41.5352 154.917 0.0111637 -0.0476937 -19973.5 0.00293431 0.110218 1.05661 1.42152e-16 1.10208e-17 32 1.04369e-14 0.220703 36.9377 137.55 20051009T120048 5 1.21235e-08 3.20936e-06 1.49309e-05 -3.20421e-15 0.00171972 0.0191418 1.99761e-13 0.604643 2.60446e-11 4.70652e-21 2.77568e-17 2.81042e-18 2.74638e-17 7.93016e-18 1.18654e-17 1.81438e-16 -8.65797e-17 -1.59702e-17
20051009T055544 0 96.7148 45.3564 -26.9251 -0.0104253 0.0541323 -9867.29 0.000966269 18.2852 1.02894 2.53886e-16 1.11802e-17 32 4.20765e-10 0.222656 36.9377 137.55 20051009T120048 4 9.57271e-09 2.54256e-06 -2.7848e-05 2.27584e-15 0.00115681 -0.0159627 -1.13116e-13 0.451039 1.41342e-11 3.25212e-21 4.59849e-17 3.24567e-18 4.6165e-17 3.04987e-16 -1.03248e-17 1.60346e-15 -6.75197e-16 -7.06765e-17
20051009T055544 0 8.74564 43.8267 144.621 0.063085 0.0871971 58023.6 0.00291454 16.2544 1.04594 2.44483e-16 1.11802e-17 32 1.77315e-12 0.209961 36.9377 137.55 20051009T120048 7 -2.40061e-09 1.6294e-06 8.83952e-08 3.02297e-15 0.000300716 0.000428846 -9.58412e-13 0.00385692 -1.91496e-12 -1.00085e-21 4.58266e-17 3.18474e-18 4.61832e-17 3.05107e-16 4.73772e-17 2.8376e-16 -2.80802e-16 -5.55587e-17
20051009T055544 0 12.7167 47.0897 147.883 0.0550429 0.0821218 -28363.8 0.0021222 7.28328 1.14965 2.34942e-16 1.11802e-17 32 3.51691e-10 0.238281 36.9377 137.55 20051009T120048 10 9.6929e-10 4.55406e-07 -6.88615e-07 -5.31512e-17 0.00110164 -2.75808e-05 1.76911e-13 0.0191541 -6.44907e-13 5.69351e-22 5.75539e-17 3.3091e-18 5.77215e-17 3.81335e-16 1.013e-17 4.06055e-16 -3.48876e-16 -7.82199e-17
20051009T055544 0 63.8741 -26.1185 149.391 0.0172203 -0.0818286 -29299.8 0.00113776 -3.87408 1.02624 3.64539e-18 1.11802e-17 32 5.82639e-12 0.249023 36.9377 137.55 20051009T120048 10 4.81242e-08 6.59154e-06 6.69329e-07 -2.00038e-14 0.00155683 0.00423086 -1.589e-12 0.201978 1.94645e-11 1.32774e-20 5.37206e-18 3.35148e-18 5.27977e-18 3.48806e-17 3.62249e-18 -9.96142e-18 -4.85146e-18 5.19841e-18
20051009T055544 1 149.739 -6.94605 -37.4318 -0.0172306 0.0999048 88871.2 0.00118764 -4.73915 1.01461 -1.17638e-17 9.81041e-18 32 1.03026e-14 0.24707 36.9377 137.55 20051009T120048 5 2.59379e-08 2.91854e-06 -2.79957e-06 1.09351e-14 0.000866188 -0.00293299 3.15136e-13 0.0195931 4.81292e-12 8.96137e-21 4.29337e-18 2.28766e-18 4.1866e-18 3.35457e-17 2.76586e-17 -1.0941e-17 2.17615e-17 -1.02631e-17
20051009T055544 1 170.852 -45.9207 -44.8696 0.0144197 -0.0793405 -3982.2 0.00394616 -0.851919 1.06382 -2.6417e-18 9.81041e-18 32 1.30651e-16 0.249023 36.9377 137.55 20051009T120048 9 3.10805e-08 6.7903e-06 -3.20388e-07 4.69017e-15 0.00183282 -0.000243858 9.26255e-13 0.000185209 1.97009e-14 4.68502e-21 9.39753e-18 2.99442e-18 9.48939e-18 2.40103e-17 6.26912e-17 1.1908e-19 5.17744e-18 -6.20944e-18
20051009T115128 2 93.109 48.7891 -25.23 -0.0108426 0.0544897 -10845.7 0.000985107 21.891 1.06222 9.12544e-16 1.19092e-17 39 1.58837e-13 0.178711 36.9377 137.55 20051009T175632 4 2.42426e-09 6.20351e-07 -5.68306e-06 7.85624e-16 0.000265979 -0.00353362 1.04871e-14 0.10609 4.077e-12 1.10748e-21 1.59441e-16 2.88443e-18 1.59316e-16 1.85611e-16 -3.49794e-17 1.05251e-15 -4.18272e-16 -3.50845e-17
20051009T115128 2 11.3574 45.9464 146.789 0.0570124 0.0824205 -10765.3 0.00314777 13.6426 1.22614 5.31708e-16 1.19092e-17 39 2.36068e-10 0.197266 36.9377 137.55 20051009T175632 10 6.35078e-10 2.27031e-08 -7.14572e-07 -8.07859e-17 0.000510039 0.000551915 2.31774e-13 0.00609698 3.24647e-14 4.17602e-22 1.24699e-16 3.82923e-18 1.24797e-16 7.26403e-16 2.73944e-17 8.24462e-16 -7.21842e-16 -1.27347e-16
20051009T115128 0 14.6203 48.4024 149.939 0.0564357 0.082128 -10629.9 0.00256699 15.3797 1.20254 4.73374e-16 1.21257e-17 39 2.05936e-15 0.201172 36.9377 137.55 20051009T175632 11 7.18272e-10 -2.51104e-07 -2.22784e-06 -2.39205e-16 0.000886192 0.00239478 6.00248e-13 0.0248805 1.91522e-12 6.66482e-22 1.1309e-16 3.87083e-18 1.12786e-16 7.45119e-16 3.69218e-17 7.94374e-16 -7.17211e-16 -1.22068e-16
20051009T115128 0 7.4606 42.6798 143.745 0.0686879 0.0885084 -20610.2 0.00374578 2.5394 1.10039 4.32915e-16 1.21257e-17 39 3.47444e-16 0.244141 36.9377 137.55 20051009T175632 7 -1.65899e-09 2.35677e-06 5.67416e-07 3.33176e-15 -0.000710209 -0.00102473 -1.59566e-12 0.000124974 -1.44511e-12 -2.42683e-21 8.27455e-17 3.48461e-18 8.24168e-17 5.44483e-16 4.28673e-17 5.68352e-16 -5.04747e-16 -1.29656e-16
20051009T115128 1 5.06404 41.9089 136.283 -0.0187707 0.0985056 203021 0.000915664 -0.0640409 1.02263 -1.2464e-17 1.09299e-17 39 5.12726e-15 0.235352 36.9377 137.55 20051009T175632 5 1.5191e-08 2.10409e-06 2.53239e-07 -1.09496e-14 0.000561607 7.29225e-05 -2.1236e-12 1.01206e-05 -2.81056e-13 1.49593e-20 7.22898e-18 3.05961e-18 7.05925e-18 2.75545e-17 4.66366e-17 3.38548e-17 -6.19118e-18 1.72417e-17
20051009T174712 2 12.2144 46.328 148.018 0.0595706 0.0804408 -9600.4 0.00645575 32.7856 1.3036 6.91496e-16 9.05373e-18 35 6.16388e-10 0.180664 36.9377 137.55 20051010T000000 8 5.46168e-10 1.3606e-07 -7.7485e-07 -6.40157e-17 0.000434824 3.06992e-05 1.64839e-13 0.00576162 2.46165e-14 2.64867e-22 1.64899e-16 3.08439e-18 1.65107e-16 8.99622e-16 -2.04296e-17 1.09077e-15 -9.64807e-16 -1.75738e-16
20051009T174712 0 8.55701 43.4464 144.818 0.0614553 0.0778823 -10788.5 0.00256954 1.44299 1.0674 6.69574e-16 8.65392e-18 35 8.0347e-16 0.182617 36.9377 137.55 20051010T000000 6 6.21205e-10 4.68997e-09 -4.80554e-07 -9.09019e-17 0.000355995 -6.30757e-05 3.29745e-13 0.000850188 6.82644e-14 5.2606e-22 1.45047e-16 2.6481e-18 1.45473e-16 9.61058e-16 8.76895e-18 1.17126e-15 -1.04514e-15 -1.3399e-16
20051009T174712 0 11.2473 44.9998 147.941 0.0733974 0.084396 -11912.4 0.00345066 28.7527 1.1361 5.89848e-16 8.65392e-18 35 1.0192e-14 0.175781 36.9377 137.55 20051010T000000 10 1.1804e-09 -3.40759e-07 -7.39448e-08 2.8045e-16 0.000788058 -0.000764572 3.48275e-13 0.00163583 -2.79094e-13 5.30268e-22 1.18352e-16 3.27257e-18 1.18209e-16 7.80944e-16 2.10414e-17 6.56928e-16 -6.94726e-16 -1.57854e-16
20051009T174712 1 34.2487 56.8121 179.691 0.0977017 0.112745 39361.4 0.00351927 -14.2487 1.03697 8.13247e-17 8.49621e-18 35 2.05791e-10 0.243164 36.9377 137.55 20051010T000000 9 2.15761e-09 -9.74348e-07 -2.23703e-05 -3.19247e-16 0.00193038 0.026514 1.44455e-12 0.654623 1.93318e-11 1.91142e-21 1.51612e-17 1.95333e-18 1.55483e-17 4.4624e-17 1.02719e-16 9.63387e-18 9.90373e-18 3.12771e-17
