20050104T000000 2 108.765 34.2942 -36.9045 -0.00417731 0.049382 -6158.9 0.00102895 1.2354 1.00691 2.16e-15 9.53832e-17 25 3.42081e-10 0.147461 36.9361 137.533 20050104T060504 3 1.04217e-08 3.5274e-06 -2.48187e-05 3.47593e-15 0.00191232 -0.0202786 4.77061e-13 0.692591 1.25266e-11 3.07633e-21 3.74406e-16 2.09597e-17 3.76086e-16 3.88238e-16 -1.49772e-17 2.48459e-15 -7.75448e-16 2.01063e-16
20050104T000000 0 170.155 -27.1196 -41.3369 -0.00909287 0.0917346 12450.7 0.00173706 -0.154931 1.00981 6.11642e-17 1.00348e-16 25 3.20324e-10 0.216797 36.9361 137.533 20050104T060504 4 3.16775e-08 2.08069e-06 -7.40736e-07 1.46772e-14 0.00170174 -0.000779954 8.50039e-13 0.000538354 -5.12537e-13 8.62042e-21 4.51526e-17 2.46918e-17 4.39169e-17 2.90135e-16 2.91037e-17 9.22556e-17 4.09828e-17 1.59457e-16
20050104T000000 1 174.518 -31.6082 -40.7588 -0.0175104 0.0684222 -2677.91 0.0231954 0.481619 1.0135 1.00587e-16 1.04556e-16 25 1.20057e-14 0.242188 36.9361 137.533 20050104T060504 8 9.23486e-08 -1.58286e-05 5.47834e-07 6.94893e-14 0.00654573 -0.000447756 -1.13588e-11 4.38318e-05 2.3745e-13 5.84081e-20 3.53321e-17 2.51689e-17 3.59438e-17 1.59543e-16 2.37461e-16 1.33932e-16 -2.29195e-17 9.88966e-17
20050104T055544 2 106.021 36.9944 -36.0994 -0.00452208 0.049002 -9490.7 0.00110652 8.97928 1.00965 3.62348e-15 9.88791e-17 45 4.04189e-12 0.15625 36.9361 137.533 20050104T120048 4 4.98492e-09 1.42548e-06 -4.24973e-06 1.79248e-15 0.0010026 -0.0124809 6.68254e-14 0.407206 1.06246e-11 1.51279e-21 5.94547e-16 1.88177e-17 5.97086e-16 5.78663e-16 -6.14811e-17 3.94462e-15 -1.29788e-15 -7.26017e-17
20050104T055544 0 159.747 -16.6626 -41.4569 -0.0042493 0.0887804 -7638.68 0.00490476 -4.74715 1.03492 1.04573e-16 9.52067e-17 45 8.71119e-12 0.22168 36.9361 137.533 20050104T120048 8 1.94478e-08 2.82791e-06 -5.26215e-06 7.78552e-15 0.00153195 -0.00301887 -3.95745e-13 0.0122467 1.03109e-12 6.05583e-21 5.55874e-17 1.76892e-17 5.41224e-17 3.57557e-16 2.32365e-16 1.64585e-16 1.33343e-16 9.75112e-17
20050104T055544 1 109.531 33.7126 -41.9967 -0.000551785 0.0764522 -4098.01 0.0159661 -14.5312 1.02626 1.4707e-16 9.42888e-17 45 8.38127e-10 0.223633 36.9361 137.533 20050104T120048 15 7.04855e-08 1.44085e-05 -1.34812e-05 2.26177e-14 0.00356936 -0.0059363 3.95277e-12 0.594998 2.00027e-11 9.48242e-21 4.72659e-17 1.97635e-17 4.64513e-17 -6.1138e-17 3.06878e-16 2.9054e-16 2.72685e-17 1.21536e-16
20050104T115128 2 110.366 32.697 -37.077 -0.00412666 0.0489457 -7713.84 0.00136904 9.63386 1.0185 5.38472e-15 1.13532e-16 48 7.02379e-10 0.138672 36.9361 137.533 20050104T175632 4 4.43214e-09 1.49965e-06 -6.7748e-06 1.44977e-15 0.000807923 -0.00747412 1.65704e-13 0.251462 7.196e-12 1.26181e-21 9.35957e-16 2.26191e-17 9.3556e-16 5.90456e-16 -4.88091e-18 6.18073e-15 -2.05885e-15 -2.84253e-16
20050104T115128 0 16.2424 52.9985 134.089 -0.0119181 0.0910879 20129.3 0.00311428 -1.24236 1.02144 9.12132e-17 1.11228e-16 48 8.86543e-10 0.209961 36.9361 137.533 20050104T175632 8 1.97076e-08 4.61283e-06 2.2641e-06 3.13988e-15 0.00158247 0.00115596 4.25225e-13 0.00241911 1.73526e-12 5.24718e-21 6.79567e-17 2.57961e-17 6.87312e-17 4.54069e-16 1.34733e-16 2.21207e-16 4.39542e-17 1.64563e-16
20050104T115128 1 175.316 -32.2517 -42.1778 -0.00421786 0.0874057 -6405.71 0.00544051 -0.316064 1.07964 3.44785e-17 1.02176e-16 48 4.74184e-15 0.233398 36.9361 137.533 20050104T175632 13 9.9144e-09 -2.15588e-08 -2.89034e-08 7.19814e-15 0.00061862 -4.30183e-05 -7.38071e-13 5.44059e-06 -6.04953e-15 7.91039e-21 8.36926e-17 2.10345e-17 8.41638e-17 1.23263e-16 5.56024e-16 1.25795e-16 9.83674e-17 1.08917e-16
20050104T174712 2 108.091 34.981 -37.055 -0.00396367 0.0487536 -6776.24 0.00162098 6.90931 1.01715 6.33364e-15 1.46726e-16 28 1.58181e-12 0.147461 36.9361 137.533 20050105T000000 4 5.6692e-09 2.12678e-06 -1.21899e-05 1.72306e-15 0.00122489 -0.012793 1.62857e-13 0.399651 1.10586e-11 1.67936e-21 1.09322e-15 3.54802e-17 1.09283e-15 8.21202e-16 -3.34282e-17 7.21973e-15 -2.26153e-15 -3.35021e-16
20050104T174712 0 34.3244 70.8625 128.082 -0.00866333 0.0899777 7935.48 0.00033741 -4.32437 1.00803 -1.23725e-16 1.85074e-16 28 7.06837e-14 0.209961 36.9361 137.533 20050105T000000 6 2.3291e-08 2.27351e-06 2.93005e-05 9.50082e-15 0.00087597 -0.0021708 2.15513e-13 0.111001 2.22708e-11 7.58627e-21 1.47501e-16 5.43004e-17 1.4967e-16 9.88786e-16 -1.95774e-16 2.21606e-16 1.10817e-16 3.67093e-16
20050104T174712 1 152.676 -9.65059 -39.8575 -0.00866482 0.0895474 -45747.7 0.000563221 2.32412 1.01232 -1.08889e-16 1.66367e-16 28 2.95932e-11 0.225586 36.9361 137.533 20050105T000000 5 1.96005e-08 2.56349e-06 9.81989e-07 8.50041e-15 0.0012195 -0.00422176 2.37665e-13 0.0304892 5.34334e-12 5.76108e-21 8.1151e-17 4.79407e-17 7.97616e-17 1.33027e-16 5.26941e-16 2.47311e-16 6.85287e-17 8.11927e-17
20050105T000000 2 102.246 40.7658 -35.7634 -0.00442439 0.0487855 -5817.86 0.00134401 17.7542 1.01692 4.38635e-15 1.71238e-16 41 1.28373e-15 0.142578 36.934 137.529 20050105T060504 5 7.13479e-09 2.16826e-06 -2.98989e-06 2.48905e-15 0.00119411 -0.0107933 1.85972e-13 0.51076 1.77967e-11 2.37855e-21 8.11164e-16 3.72222e-17 8.09156e-16 1.096e-15 -2.57435e-16 5.34565e-15 -1.70845e-15 2.89962e-16
20050105T000000 0 166.301 -23.2544 -41.1879 -0.00744864 0.0879778 -17271.4 0.00254874 -1.30092 1.00675 9.96651e-17 1.84723e-16 41 1.1567e-13 0.211914 36.934 137.529 20050105T060504 9 6.57062e-08 1.34594e-05 -7.70927e-06 3.66359e-14 0.00460881 -0.00390634 6.58026e-12 0.00515035 -2.69236e-12 2.45657e-20 8.01751e-17 5.06963e-17 7.65522e-17 5.05739e-16 -1.2369e-16 1.88066e-16 2.8873e-16 4.04287e-16
20050105T000000 1 15.8279 52.6898 135.375 -0.00737817 0.0877083 -31005.1 0.00280751 -0.82788 1.02019 -1.70389e-16 1.87965e-16 41 4.74593e-10 0.239258 36.934 137.529 20050105T060504 6 4.46338e-08 1.32867e-05 2.80548e-06 3.66359e-15 0.004876 0.00105247 -5.24121e-13 0.00345549 3.1727e-12 8.135e-21 4.13188e-17 4.54533e-17 4.0705e-17 -6.56058e-19 2.68916e-16 6.26879e-17 -6.64264e-17 6.60535e-17
20050105T055544 2 104.69 38.2636 -35.1864 -0.00497988 0.0482579 -6897.2 0.00174218 15.3104 1.0425 3.54585e-15 1.22912e-16 41 3.55092e-11 0.202148 36.934 137.529 20050105T120048 4 6.55034e-09 2.21077e-06 -1.71996e-05 1.93926e-15 0.00142505 -0.0160229 6.27129e-14 0.594342 1.59901e-11 2.56593e-21 6.13479e-16 2.76424e-17 6.10003e-16 7.3367e-16 -7.43941e-17 4.02996e-15 -1.1618e-15 -1.40898e-16
20050105T055544 2 38.4518 42.9749 -172.331 0.0612594 0.0286579 -14047.6 0.00184042 -3.45179 1.0099 1.68337e-15 1.22912e-16 41 2.08357e-15 0.205078 36.934 137.529 20050105T120048 4 3.37537e-09 -1.91387e-06 -3.07599e-07 -1.9341e-15 0.00267582 -0.00944987 1.63498e-12 0.116508 -1.23653e-12 1.98955e-21 3.04956e-16 2.87038e-17 3.12609e-16 7.58275e-16 1.86909e-16 2.06524e-15 -9.45195e-16 1.65393e-16
20050105T055544 0 104.199 38.9325 -37.8151 -0.00571814 0.0878334 -21480.9 0.00393254 -9.19916 1.02381 2.65026e-16 1.37239e-16 41 9.30568e-14 0.197266 36.934 137.529 20050105T120048 6 3.47573e-08 7.655e-06 -3.44383e-05 1.42543e-14 0.00235931 -0.016364 1.58708e-12 0.545689 2.07751e-11 1.14977e-20 9.22952e-17 3.1601e-17 9.37078e-17 6.19076e-16 -1.51907e-16 2.41267e-16 -3.6519e-17 4.39629e-16
20050105T055544 0 174.941 -34.5755 -48.4039 0.108522 0.0532178 41835.9 0.000940258 0.0587288 1.01878 1.04188e-16 1.37239e-16 41 8.28918e-10 0.209961 36.934 137.529 20050105T120048 6 5.08468e-09 -1.29555e-06 3.1605e-08 -9.36181e-16 0.000943993 8.90427e-05 -2.35813e-13 2.8727e-05 -1.7646e-13 2.8006e-21 9.54747e-17 3.21898e-17 9.2504e-17 6.11123e-16 7.52649e-17 8.91885e-17 -2.12076e-16 2.96576e-17
20050105T055544 1 170.554 -27.5374 -41.1256 -0.0108846 0.08878 -47273 0.00224502 -0.553948 1.04454 -2.32139e-16 1.28806e-16 41 8.6194e-10 0.226562 36.934 137.529 20050105T120048 7 3.23386e-08 4.78528e-06 -3.12622e-06 1.81011e-14 0.00203511 -0.00106576 2.29138e-12 0.000730374 -1.78302e-12 1.16255e-20 5.08221e-17 3.25303e-17 5.14859e-17 2.34e-16 3.40139e-16 -1.63207e-16 2.41459e-17 2.47839e-17
20050105T055544 1 117.394 -6.06342 -102.855 0.102532 0.0253591 -1974.95 0.0291581 37.6064 1.07797 1.49246e-17 1.28806e-16 41 2.52521e-15 0.21875 36.934 137.529 20050105T120048 15 2.01738e-08 -7.2062e-06 5.83801e-05 -5.81261e-15 0.00413389 -0.0509034 4.07654e-13 0.826949 2.87509e-11 9.52171e-21 8.37355e-17 3.34874e-17 8.51937e-17 1.50168e-16 5.62828e-16 3.66251e-16 2.22617e-17 4.89082e-17
20050105T115128 2 100.921 41.9592 -34.0402 -0.00545602 0.0489343 -5942.09 0.00115916 29.0786 1.03528 2.21442e-15 7.063e-17 45 9.55723e-12 0.210938 36.934 137.529 20050105T175632 5 6.28933e-09 2.12635e-06 -8.24505e-06 1.87352e-15 0.00137647 -0.0128367 2.45617e-13 0.508489 1.45537e-11 2.23443e-21 3.93768e-16 1.58055e-17 3.93546e-16 4.08305e-16 -3.08539e-17 2.59994e-15 -7.89745e-16 -1.43941e-16
20050105T115128 2 52.5789 38.0672 -154.836 0.0611087 0.0262601 -12312.3 0.00167838 27.4211 1.05249 1.27717e-15 7.063e-17 45 1.2895e-13 0.193359 36.934 137.529 20050105T175632 8 5.27027e-09 -2.92302e-06 -7.07139e-06 -2.64438e-15 0.00387637 -0.0191857 1.69734e-12 0.600505 4.2716e-12 2.05541e-21 2.22841e-16 1.74823e-17 2.24547e-16 3.78026e-16 1.93473e-16 1.48346e-15 -7.49813e-16 -1.82863e-17
20050105T115128 0 37.8037 74.1954 124.869 -0.00879768 0.0895618 57310.3 0.000482634 -2.80369 1.00332 1.49314e-16 7.79198e-17 45 3.54983e-11 0.214844 36.934 137.529 20050105T175632 4 1.72333e-08 3.08167e-06 -1.70449e-06 5.34046e-15 0.000934892 -0.00217606 -1.1246e-13 0.0782663 1.84791e-11 1.06708e-20 3.14134e-17 1.8481e-17 3.22919e-17 2.13335e-16 -4.92958e-17 1.84203e-16 5.49866e-17 1.02053e-16
20050105T115128 0 25.676 38.2658 169.952 0.106045 0.0243588 -7185.05 0.0207336 134.324 1.04112 2.44249e-16 7.79198e-17 45 6.79021e-16 0.212891 36.934 137.529 20050105T175632 14 1.79597e-08 -3.92333e-06 4.36615e-06 -6.0507e-15 0.00151756 -0.00302673 1.95278e-12 0.00996792 -1.12361e-12 1.13999e-20 5.92397e-17 1.75069e-17 6.25483e-17 4.13222e-16 -1.20132e-16 1.88535e-16 -1.56244e-16 -1.88897e-17
20050105T115128 1 168.292 -25.2302 -41.6023 -0.00584386 0.0892603 -128526 0.00324166 -3.29241 1.0257 6.87312e-17 7.21162e-17 45 1.06931e-13 0.223633 36.934 137.529 20050105T175632 6 3.67679e-08 8.54506e-06 -4.67678e-06 1.40862e-14 0.00345972 -0.00225713 2.51402e-12 0.00186328 -1.29698e-12 6.66431e-21 4.09104e-17 1.97072e-17 4.04915e-17 1.43891e-16 2.67505e-16 2.30757e-17 1.01914e-16 8.72731e-17
20050105T115128 1 30.4362 44.2833 176.727 0.104669 0.0518747 -4037.17 0.00763897 99.5638 1.05181 -5.74022e-17 7.21162e-17 45 1.7329e-12 0.222656 36.934 137.529 20050105T175632 12 8.1941e-09 -3.01385e-06 -4.41333e-06 -4.12728e-15 0.00206235 -0.00346797 2.25072e-12 0.0607464 -1.56031e-13 5.51764e-21 4.81773e-17 1.98705e-17 4.89404e-17 1.7748e-16 3.23322e-16 2.32625e-16 -1.10723e-16 9.65776e-18
20050105T174712 2 115.21 27.8243 -36.9831 -0.00440766 0.0471578 -11577.4 0.00223763 -20.2098 1.07598 1.92569e-15 3.88857e-17 44 6.29339e-11 0.15625 36.934 137.529 20050106T000000 4 5.30775e-09 1.58593e-06 -8.60673e-06 1.1549e-15 0.000946889 -0.00912602 1.696e-13 0.269558 8.85813e-12 1.71414e-21 3.31562e-16 9.26954e-18 3.33144e-16 2.71888e-16 8.47555e-18 2.2009e-15 -7.57136e-16 -4.92201e-17
20050105T174712 2 23.1733 42.733 166.822 0.0609189 0.0266255 -15185.6 0.0018673 11.8267 1.06093 1.17357e-15 3.88857e-17 44 8.03226e-10 0.195312 36.934 137.529 20050106T000000 7 2.36151e-09 -5.66916e-07 -2.65586e-06 -1.0414e-15 0.00141628 -0.00352079 7.53805e-13 0.0258833 -1.80923e-13 1.16832e-21 2.14452e-16 9.84273e-18 2.14065e-16 4.72474e-16 3.16077e-17 1.41421e-15 -6.48357e-16 -1.63739e-16
20050105T174712 1 21.2694 58.06 133.869 -0.00750753 0.0799676 -65592.1 0.00181477 -1.26944 1.00585 -1.30037e-17 3.67468e-17 44 1.95312e-10 0.210938 36.934 137.529 20050106T000000 5 1.84796e-08 4.65387e-06 1.26693e-06 4.20551e-15 0.00173054 -0.000401255 1.28128e-13 0.0268678 1.1255e-11 8.64994e-21 2.00714e-17 9.48051e-18 2.02261e-17 7.15041e-17 1.33622e-16 4.63644e-17 -9.16642e-18 4.7281e-17
20050106T000000 2 106.811 36.1334 -35.2401 -0.0050162 0.0471125 -14236.9 0.00211256 -6.81079 1.09342 1.71309e-15 2.24124e-17 41 1.80964e-15 0.151367 36.934 137.529 20050106T060504 5 2.92043e-09 9.30421e-07 -5.59241e-06 7.59888e-16 0.000558658 -0.0063291 1.1361e-13 0.198857 4.62567e-12 9.35296e-22 3.19912e-16 5.10643e-18 3.19785e-16 2.07972e-16 -8.15753e-18 2.11265e-15 -6.69105e-16 -7.39191e-17
20050106T000000 2 14.5499 41.3715 155.382 0.0611522 0.0262524 -11438.6 0.00170176 10.4501 1.0354 8.91512e-16 2.24124e-17 41 3.18218e-14 0.195312 36.934 137.529 20050106T060504 6 1.80306e-09 -5.41682e-07 -2.37347e-07 -1.04646e-15 0.000826979 -0.000678387 6.3106e-13 0.00124663 -1.76346e-13 1.2034e-21 1.73164e-16 5.52842e-18 1.7345e-16 2.71547e-16 -1.38036e-18 1.14589e-15 -5.14814e-16 -1.0281e-16
20050106T000000 0 21.0896 46.3452 162.891 0.085517 0.0586698 9899.1 0.0014271 3.91044 1.0284 5.03874e-16 2.40508e-17 41 8.69783e-15 0.196289 36.934 137.529 20050106T060504 15 2.28494e-09 -5.57762e-07 -2.26377e-06 -8.36262e-16 0.0012703 0.000547613 1.18263e-12 0.0175694 3.31571e-12 2.47967e-21 8.76126e-17 5.71323e-18 8.89093e-17 5.87375e-16 2.23499e-19 5.06653e-16 -4.81895e-16 -1.30711e-16
20050106T000000 0 121.844 -5.40748 -96.5153 0.0946277 0.0327641 40739.3 0.0022667 -51.8442 1.01885 4.88632e-16 2.40508e-17 41 7.86262e-15 0.195312 36.934 137.529 20050106T060504 7 1.34867e-08 -3.45518e-06 -8.23386e-05 -6.85795e-15 0.00220921 -0.005239 2.04932e-12 1.34493 4.26053e-11 4.46087e-21 8.24209e-17 5.93794e-18 8.30366e-17 5.48577e-16 2.89643e-17 5.17126e-16 -5.26169e-16 -6.09756e-17
20050106T000000 1 142.168 0.933657 -40.1452 -0.00510595 0.077852 -265327 0.00500736 -17.1675 1.04449 2.13868e-17 1.93801e-17 41 5.72478e-15 0.213867 36.934 137.529 20050106T060504 11 2.14415e-08 5.8471e-06 -1.14176e-05 7.60348e-15 0.00267157 -0.0073587 1.3067e-12 0.0940002 5.66119e-13 4.24998e-21 1.59796e-17 5.16734e-18 1.65234e-17 8.38225e-18 1.09161e-16 7.2e-17 2.38397e-19 3.56745e-17
20050106T000000 1 24.9476 41.8323 169.27 0.110473 0.042842 15623.1 0.00328192 -4.94758 1.07933 -1.52234e-17 1.93801e-17 41 6.2294e-15 0.217773 36.934 137.529 20050106T060504 12 5.29003e-09 -1.67686e-06 1.86576e-06 -1.58764e-15 0.00107467 -0.00264563 4.86326e-13 0.0104813 3.73805e-13 1.95801e-21 1.59698e-17 5.2037e-18 1.61813e-17 1.82152e-16 1.06901e-16 8.85391e-17 -7.22282e-17 -2.93346e-17
20050106T055544 2 110.985 32.0031 -36.0861 -0.00482545 0.0477099 -8544.4 0.00229677 14.0147 1.09443 1.37615e-15 1.71305e-17 35 3.96695e-15 0.162109 36.934 137.529 20050106T120048 5 3.12085e-09 9.67025e-07 -5.97565e-06 6.52302e-16 0.000608706 -0.00670389 4.71651e-14 0.209326 7.35595e-12 1.28407e-21 2.53185e-16 4.63713e-18 2.53437e-16 1.66189e-16 -2.37305e-17 1.67432e-15 -5.54329e-16 -5.39509e-17
20050106T055544 2 33.4426 46.2133 -179.028 0.0913519 0.052711 17589.3 0.00265837 46.5574 1.04209 1.11058e-15 1.71305e-17 35 4.57175e-15 0.196289 36.934 137.529 20050106T120048 9 1.96178e-09 -6.12732e-07 -3.6171e-06 -9.34241e-16 0.000599391 -0.000463564 5.544e-13 0.0394779 2.11199e-12 1.1969e-21 1.94503e-16 5.31972e-18 1.94524e-16 1.29419e-15 -4.39236e-18 1.28511e-15 -1.25086e-15 -3.13634e-16
20050106T055544 2 32.978 45.6523 -179.693 0.073491 0.0406737 41903.2 0.00165252 -2.97799 1.02144 8.79821e-16 1.71305e-17 35 1.49956e-10 0.196289 36.934 137.529 20050106T120048 4 1.6924e-09 -4.86239e-07 -3.44325e-06 -8.39237e-16 0.000767673 -0.00254989 3.36786e-13 0.0472837 1.78626e-12 7.12339e-22 1.503e-16 4.66833e-18 1.50444e-16 6.02176e-16 -1.55981e-17 9.939e-16 -7.3349e-16 -1.14452e-16
20050106T055544 2 22.2333 42.312 165.592 0.0607301 0.025416 -11550.5 0.0008403 2.76672 1.01438 7.54027e-16 1.71305e-17 35 5.69894e-15 0.195312 36.934 137.529 20050106T120048 4 2.47422e-09 -4.93812e-07 -2.3372e-06 -9.86571e-16 0.00102485 -0.00156444 6.71407e-13 0.0127067 2.6425e-13 1.3222e-21 1.32395e-16 4.82575e-18 1.32897e-16 1.92737e-16 1.46515e-17 8.77974e-16 -4.20577e-16 -4.33295e-17
20050106T055544 0 32.8943 46.4849 -179.825 0.0903846 0.0532312 15034.3 0.00181014 17.1057 1.03741 1.17395e-15 2.09925e-17 35 2.6865e-12 0.196289 36.934 137.529 20050106T120048 9 1.85664e-09 -3.14972e-07 -3.23812e-06 -6.43019e-16 0.000535754 -0.00116059 5.06563e-13 0.0457676 1.23398e-12 1.20766e-21 1.97394e-16 5.362e-18 1.98035e-16 1.30831e-15 -5.00157e-18 1.27089e-15 -1.24383e-15 -3.25714e-16
20050106T055544 0 148.622 -5.57118 -39.8591 -0.00768638 0.0890805 -208262 0.00160348 -3.62215 1.00413 6.68151e-17 2.09925e-17 35 4.99263e-15 0.234375 36.934 137.529 20050106T120048 5 2.24939e-08 4.47052e-06 -1.17635e-05 7.03045e-15 0.0017445 -0.00709405 4.7663e-14 0.0505639 4.90375e-12 5.70826e-21 1.24266e-17 3.60013e-18 1.21152e-17 8.00386e-17 3.71872e-17 -2.07829e-17 2.0204e-17 2.11879e-17
20050106T055544 1 148.162 -5.12848 -39.5822 -0.00823659 0.0873014 -14471.8 0.00280448 6.83764 1.03197 2.34101e-18 1.53243e-17 35 1.92144e-13 0.25 36.934 137.529 20050106T120048 6 1.45298e-08 2.07722e-06 -5.81448e-07 7.63516e-15 0.000927291 -0.00379082 1.49679e-13 0.0584628 8.72606e-12 7.73968e-21 9.73375e-18 3.94743e-18 9.60194e-18 5.48158e-17 6.34348e-17 -6.44632e-18 1.04066e-17 1.03777e-17
20050106T055544 1 142.695 -14.0045 -75.8847 0.133846 0.0744236 -144583 0.00268434 7.3049 1.02148 1.36938e-17 1.53243e-17 35 1.62641e-14 0.227539 36.934 137.529 20050106T120048 7 3.49615e-09 -1.12514e-06 -4.24735e-06 -7.25015e-16 0.00114007 -0.000620027 1.10321e-12 0.107467 4.93527e-12 2.59991e-21 6.6884e-18 3.55663e-18 6.15869e-18 -2.25307e-18 4.06871e-17 -2.8703e-17 9.0208e-18 3.15542e-17
20050106T115128 2 15.4565 42.8043 156.158 0.0758404 0.040437 -12226.7 0.000947255 9.54354 1.01615 1.09899e-15 1.66824e-17 47 2.12085e-15 0.188477 36.934 137.529 20050106T175632 9 1.87016e-09 -2.21828e-07 -6.96178e-07 -9.03423e-16 0.000682362 -0.000831689 1.50132e-13 0.00255747 3.20156e-13 6.96956e-22 1.89137e-16 4.21629e-18 1.89984e-16 7.00413e-16 -2.52034e-17 1.25512e-15 -9.34667e-16 -1.3215e-16
20050106T115128 2 104.721 38.2061 -34.8747 -0.00517629 0.0480464 -7570.02 0.00196153 20.2793 1.08757 9.32249e-16 1.66824e-17 47 4.03985e-10 0.163086 36.934 137.529 20050106T175632 4 2.65744e-09 8.40812e-07 -5.41129e-06 6.79683e-16 0.000521748 -0.00636103 2.76466e-14 0.207606 6.09369e-12 9.6625e-22 1.72197e-16 2.89459e-18 1.72092e-16 9.87775e-17 -3.35472e-17 1.13692e-15 -3.74303e-16 -2.63134e-17
20050106T115128 2 25.0785 43.867 169.31 0.0978058 0.0477012 -25434.1 0.00362729 -0.0784979 1.04586 9.14993e-16 1.66824e-17 47 1.4624e-15 0.195312 36.934 137.529 20050106T175632 6 2.24197e-09 -2.86807e-07 -2.35809e-06 -1.27648e-15 0.000603619 -0.00154487 4.4763e-13 0.0130025 1.20342e-12 1.86932e-21 1.4966e-16 3.48457e-18 1.50192e-16 1.00403e-15 -2.83009e-17 9.92237e-16 -9.65049e-16 -2.01984e-16
20050106T115128 0 46.0759 43.3575 -161.606 0.0974955 0.0515367 -11194.7 0.00293071 -1.07587 1.07567 9.88116e-16 1.92092e-17 47 3.07056e-14 0.196289 36.934 137.529 20050106T175632 10 2.04424e-09 -6.38329e-07 -1.52138e-06 -1.02335e-15 0.00109157 -0.00912965 3.13513e-13 0.192135 7.15873e-12 1.98925e-21 1.65877e-16 4.31813e-18 1.65996e-16 1.09665e-15 -2.99436e-17 9.62917e-16 -1.00359e-15 -2.3612e-16
20050106T115128 0 117.377 25.6535 -37.099 -0.00834794 0.0878759 -20065.7 0.00222193 -2.37732 1.00618 4.35006e-17 1.92092e-17 47 1.89023e-15 0.192383 36.934 137.529 20050106T175632 5 2.90797e-08 4.18138e-06 -5.6225e-05 3.39788e-15 0.00199785 -0.029108 -2.34006e-12 0.753713 6.24609e-11 1.15322e-20 7.3017e-18 2.12905e-18 7.67265e-18 5.0689e-17 -3.29772e-17 -1.86131e-17 -7.93933e-20 7.80396e-18
20050106T115128 1 5.507 39.1059 143.935 0.147519 0.0692626 -587991 0.0128148 -0.506998 1.07991 -1.60248e-17 1.43568e-17 47 2.561e-15 0.196289 36.934 137.529 20050106T175632 16 1.79394e-08 -2.09863e-06 3.65401e-07 -9.87422e-15 0.00043942 -8.23241e-05 1.72509e-12 1.6465e-05 -3.0575e-13 1.13786e-20 1.64145e-18 2.15596e-18 1.80716e-18 8.06305e-17 1.19389e-17 -4.37236e-17 2.48018e-17 6.50898e-20
20050106T174712 2 16.2844 43.0672 157.228 0.0757246 0.0406216 -7976.64 0.00720707 13.7156 1.18789 1.19756e-15 1.71686e-17 33 9.14249e-13 0.188477 36.934 137.529 20050107T000000 8 2.97655e-09 -8.05459e-07 -3.13097e-06 -1.52625e-15 0.000629625 0.000264861 4.97124e-13 0.00783002 1.58127e-12 1.00113e-21 2.42235e-16 5.28863e-18 2.42351e-16 8.47439e-16 -2.54496e-17 1.60108e-15 -1.16718e-15 -1.62313e-16
20050106T174712 0 92.1414 17.7706 -115.938 0.098514 0.0440879 -93070.6 0.00174358 -12.1414 1.06138 7.15617e-16 1.98388e-17 33 8.21405e-16 0.191406 36.934 137.529 20050107T000000 8 4.47159e-09 -1.57526e-06 8.09721e-06 -6.07142e-16 0.001141 -0.0166596 3.57322e-13 0.723016 1.29571e-11 1.91558e-21 1.16173e-16 4.43939e-18 1.16684e-16 7.70867e-16 -2.80043e-17 6.72697e-16 -6.73303e-16 -1.82488e-16
20050106T174712 0 36.5594 30.6289 -178.895 0.111249 0.00621311 -6205.46 0.00887524 -16.5594 1.05776 6.83797e-16 1.98388e-17 33 3.25485e-16 0.196289 36.934 137.529 20050107T000000 12 7.14809e-09 -1.39768e-06 4.34779e-06 -3.50505e-15 0.000855824 -0.00488756 2.58497e-13 0.0349469 1.71556e-12 4.96785e-21 1.1771e-16 4.109e-18 1.17767e-16 7.78021e-16 5.22719e-18 6.45765e-16 -6.62137e-16 -2.55255e-16
20050106T174712 1 5.11555 39.5264 143.128 0.128138 0.0804549 -24868.7 0.00220656 -0.115548 1.0071 -3.68434e-17 1.49732e-17 33 5.90537e-16 0.193359 36.934 137.529 20050107T000000 7 1.61787e-08 -2.29491e-06 4.286e-07 -8.13714e-15 0.000543432 -0.000102909 1.77133e-12 2.14821e-05 -3.51162e-13 8.51336e-21 8.20944e-19 2.44559e-18 1.10299e-18 -6.77269e-18 7.28687e-18 -5.41182e-17 3.87939e-17 1.08796e-17
20050107T000000 2 24.912 39.9882 169.175 0.0818939 0.0247247 -6155.66 0.00311827 -4.91204 1.09592 9.47464e-16 1.58295e-17 48 1.07974e-13 0.191406 36.9441 137.532 20050107T060504 7 4.71056e-09 -1.48405e-06 2.0613e-06 -2.59374e-15 0.00202417 -0.00441991 8.29192e-13 0.0162201 -1.01299e-12 1.67547e-21 1.73193e-16 3.497e-18 1.73491e-16 6.00436e-16 -1.51048e-17 1.14616e-15 -8.20703e-16 -1.58826e-16
20050107T000000 2 88.1968 24.9269 -114.985 0.0728043 0.0422483 -9546.39 0.00352034 -13.1968 1.20532 8.77079e-16 1.58295e-17 48 2.52951e-14 0.188477 36.9441 137.532 20050107T060504 8 1.3305e-09 -6.1989e-07 -9.42065e-06 -7.97063e-16 0.000819485 -0.00536821 4.70822e-13 0.798074 5.65361e-12 6.68629e-22 1.79046e-16 3.5834e-18 1.79349e-16 6.25943e-16 -2.19255e-17 1.18486e-15 -8.64999e-16 -1.41124e-16
20050107T000000 0 19.9242 38.2677 162.619 0.0894653 0.0181469 -9814.21 0.00817947 0.0758474 1.07366 5.67564e-16 1.69026e-17 48 1.27173e-10 0.192383 36.9441 137.532 20050107T060504 8 7.5149e-09 -2.25681e-06 2.13858e-06 -5.38678e-15 0.00224813 -0.00426935 1.40313e-12 0.00984244 -9.2229e-13 5.61607e-21 1.05258e-16 3.52819e-18 1.05391e-16 6.96257e-16 -9.79513e-18 1.05892e-15 -8.30994e-16 -1.95317e-16
20050107T000000 0 17.4433 41.9227 159.179 0.0842127 0.0361952 -7661.48 0.00567655 -2.44335 1.05761 5.60375e-16 1.69026e-17 48 1.72195e-14 0.191406 36.9441 137.532 20050107T060504 8 4.15162e-09 -1.28765e-06 5.43013e-07 -2.6285e-15 0.00209524 -0.00289725 8.1161e-13 0.00555092 -2.95249e-14 2.80829e-21 1.04235e-16 3.41511e-18 1.04634e-16 6.91262e-16 -2.96822e-17 9.91456e-16 -8.05143e-16 -1.75297e-16
20050107T000000 0 128.216 -17.2939 -97.5775 0.110616 0.0132288 34997 0.00187509 -13.216 1.00935 5.51499e-16 1.69026e-17 48 3.23049e-11 0.195312 36.9441 137.532 20050107T060504 5 7.01905e-09 -1.80833e-06 8.62302e-06 -8.90041e-16 0.000852877 -0.00796263 -6.94921e-13 0.126055 1.75008e-11 5.20366e-21 9.13907e-17 3.234e-18 9.09939e-17 6.01147e-16 -1.79957e-17 5.52071e-16 -5.32084e-16 -1.86241e-16
20050107T000000 1 173.728 -32.6055 -48.3319 0.0693933 0.0626636 -292.491 0.0854523 1.27199 1.17639 -7.44858e-18 1.16471e-17 48 1.24135e-12 0.197266 36.9441 137.532 20050107T060504 14 -2.36582e-09 -1.13177e-06 4.14046e-07 -8.48419e-15 0.00143545 0.000115011 2.92327e-12 3.27698e-05 2.64474e-13 4.22277e-21 1.94164e-18 2.08922e-18 1.60286e-18 8.41109e-17 1.05892e-17 1.40651e-16 -1.20275e-16 -4.94224e-17
20050107T055544 2 22.4178 41.8857 165.887 0.0766987 0.0302562 -12004.3 0.00171787 7.58217 1.03839 5.76036e-16 1.23129e-17 45 6.73281e-13 0.198242 36.9441 137.532 20050107T120048 9 2.83095e-09 -5.04627e-07 -1.08774e-06 -1.34092e-15 0.00612978 -0.0129966 3.63791e-13 0.0358666 8.05195e-14 9.47739e-22 1.00644e-16 2.91744e-18 1.00916e-16 3.35834e-16 7.20667e-18 6.66696e-16 -4.40733e-16 -1.11488e-16
20050107T055544 2 113.297 29.6722 -36.1412 -0.0047788 0.0457808 -10972.7 0.000811519 1.70325 1.03433 5.74381e-16 1.23129e-17 45 7.86786e-15 0.161133 36.9441 137.532 20050107T120048 4 3.6999e-09 1.34042e-06 -6.97348e-06 1.0984e-15 0.000781372 -0.00772542 5.74955e-14 0.22699 7.62777e-12 1.28293e-21 1.03317e-16 2.34233e-18 1.03358e-16 6.81735e-17 -9.87834e-18 6.82831e-16 -2.53126e-16 -3.15186e-17
20050107T055544 0 15.8104 44.4653 155.894 0.107547 0.0728084 5336.24 0.0332782 19.1896 1.224 5.14606e-17 1.47037e-17 45 1.81692e-11 0.193359 36.9441 137.532 20050107T120048 20 4.31119e-09 -7.05836e-07 -2.5013e-07 3.20107e-16 0.000805607 -0.000704544 7.5022e-13 0.00161696 -2.42667e-13 2.4484e-21 2.96776e-17 2.90916e-18 2.95305e-17 1.95092e-16 -3.08118e-17 1.41762e-16 -1.1881e-16 -6.33926e-17
20050107T055544 0 10.4348 47.2991 135.756 -0.00934855 0.0797188 15337.1 0.00132777 -0.434778 1.01784 1.29651e-17 1.47037e-17 45 1.88431e-14 0.246094 36.9441 137.532 20050107T120048 7 2.72561e-08 7.40625e-06 1.78952e-06 7.0727e-15 0.00260963 0.000835169 1.94059e-12 0.000461328 9.2327e-13 8.31705e-21 4.09035e-18 2.10252e-18 4.56467e-18 3.01563e-17 -4.03875e-17 -2.24675e-17 -1.08088e-17 6.84762e-18
20050107T055544 1 175.069 -34.8697 -48.4196 0.132817 0.0569468 21191.5 0.00366712 -0.0687103 1.02942 -1.68417e-17 9.68222e-18 45 1.90961e-11 0.249023 36.9441 137.532 20050107T120048 11 3.01496e-08 -1.14337e-06 4.88324e-07 -7.33158e-15 0.000552252 6.55304e-05 -6.69722e-13 2.6194e-05 -3.20508e-13 5.73197e-21 2.52904e-18 2.26138e-18 2.40008e-18 7.14071e-17 1.5856e-17 8.36915e-17 -4.46298e-17 -2.32965e-17
20050107T055544 1 29.7072 65.9054 126.376 -0.0133612 0.0824289 5792.36 0.00458932 -9.70723 1.04096 -3.12742e-17 9.68222e-18 45 2.0916e-15 0.248047 36.9441 137.532 20050107T120048 9 3.43865e-08 6.36957e-06 2.04012e-06 1.2848e-14 0.00154129 0.000156845 1.7478e-12 0.0185854 8.08679e-12 1.05079e-20 2.26444e-18 2.43788e-18 1.8963e-18 3.90353e-18 1.25278e-17 -7.5368e-18 -8.46936e-18 -4.19455e-18
20050108T055544 2 56.8338 36.2392 -150.02 0.0727965 0.0309061 -12112.3 0.00495791 -16.8338 1.01165 1.29119e-15 8.76633e-17 45 8.30606e-11 0.207031 36.9438 137.528 20050108T120048 7 8.40019e-09 -6.26657e-06 9.16511e-06 -5.28368e-15 0.00927656 -0.0554249 6.02564e-12 1.02541 -2.98579e-11 5.42744e-21 2.32728e-16 1.84618e-17 2.34712e-16 5.83688e-16 9.75056e-17 1.55061e-15 -8.32797e-16 3.66065e-17
20050108T055544 0 66.4715 34.0805 -138.16 0.125711 0.0608489 -41724.6 0.00217051 -11.4715 1.0421 3.28341e-17 9.09777e-17 45 9.78002e-12 0.209961 36.9438 137.528 20050108T120048 9 6.33492e-09 -1.54535e-06 -9.28095e-06 -3.39368e-15 0.000969049 -0.00794763 1.19591e-12 0.315556 1.23579e-11 5.83391e-21 8.21608e-17 2.21481e-17 8.36899e-17 5.52893e-16 -1.76607e-16 1.26266e-16 -5.33551e-17 7.79818e-17
20050108T055544 1 175.087 -34.5592 -48.1793 0.124072 0.0644012 -64782.8 0.00238317 -0.0869077 1.03337 6.32477e-17 8.37496e-17 45 3.54191e-15 0.209961 36.9438 137.528 20050108T120048 10 9.04751e-09 -1.55313e-06 7.64277e-08 -2.71211e-15 0.000665343 2.29413e-05 4.42926e-13 6.93668e-06 -4.9708e-14 2.22692e-21 5.35162e-17 1.93989e-17 5.36751e-17 2.62321e-16 3.54602e-16 1.3899e-16 -2.68928e-16 4.38717e-17
20050108T115128 2 21.9523 42.445 165.2 0.0720649 0.0307461 -17644.2 0.00219559 38.0477 1.04039 1.37868e-15 4.40485e-17 48 1.34931e-12 0.188477 36.9438 137.528 20050108T175632 8 3.06456e-09 -3.64011e-07 -1.00609e-06 -1.52217e-15 0.00122678 -0.00245067 5.10365e-13 0.00875663 -4.2435e-14 1.42184e-21 2.34072e-16 1.14533e-17 2.34661e-16 6.4237e-16 5.7396e-17 1.55028e-15 -9.43118e-16 -1.52182e-16
20050108T115128 0 5.04289 38.7868 143.456 0.126541 0.0542742 -9168.68 0.00060692 -0.0428935 1.0242 8.12308e-17 5.42273e-17 48 5.18959e-15 0.227539 36.9438 137.528 20050108T175632 11 1.31908e-08 -1.59677e-06 2.34035e-07 -6.30991e-15 0.000407664 -5.59699e-05 8.15549e-13 8.49119e-06 -1.31486e-13 7.78133e-21 3.42024e-17 1.36252e-17 3.36867e-17 2.2255e-16 -7.81066e-17 8.07234e-17 2.3529e-18 9.12097e-18
20050108T115128 1 167.63 -31.0825 -56.0375 0.123878 0.056194 -142317 0.00305199 -2.6296 1.01822 -6.19145e-18 4.93808e-17 48 2.43182e-10 0.220703 36.9438 137.528 20050108T175632 5 8.95674e-09 -3.65009e-06 -5.60234e-07 -9.00305e-16 0.00186917 0.000432209 7.35894e-13 0.00437915 3.72192e-14 1.21399e-21 2.94175e-17 1.20756e-17 2.86986e-17 8.09522e-17 1.89596e-16 8.46012e-17 -1.83549e-17 5.28011e-17
20050108T174712 2 31.3535 42.9665 177.951 0.071347 0.0315042 -17831.7 0.00201917 33.6465 1.06999 1.48637e-15 2.57534e-17 46 1.30505e-13 0.191406 36.9438 137.528 20050109T000000 10 1.44648e-09 -3.66385e-07 -2.02714e-06 -6.90695e-16 0.000749704 -0.00284565 3.68246e-13 0.0287041 4.303e-13 7.48188e-22 2.52332e-16 6.73029e-18 2.52825e-16 7.14719e-16 -3.80747e-17 1.67028e-15 -1.05341e-15 -1.44623e-16
20050108T174712 0 106.384 9.34407 -104.035 0.0698099 0.03336 -37752.9 0.00165098 -41.3843 1.01773 6.06662e-16 3.3752e-17 46 1.17002e-12 0.19043 36.9438 137.528 20050109T000000 5 4.29844e-09 -7.18089e-07 -3.88635e-05 -1.32625e-15 0.00219011 -0.0327481 8.31893e-13 1.77466 8.12632e-12 1.51343e-21 1.04727e-16 8.40554e-18 1.04219e-16 6.88516e-16 -2.75891e-17 1.43635e-15 -9.45679e-16 -1.01018e-16
20050108T174712 1 174.876 -34.9095 -48.7121 0.130756 0.0518759 10212.5 0.00520879 0.124096 1.03097 -1.67557e-17 2.72458e-17 46 9.40343e-12 0.228516 36.9438 137.528 20050109T000000 8 1.04954e-08 -2.77755e-06 -1.32663e-08 2.10941e-16 0.00123376 4.78402e-05 2.36041e-13 8.05298e-06 -4.54919e-14 3.82196e-21 1.66197e-17 7.77832e-18 1.76989e-17 5.00664e-17 1.16927e-16 6.0871e-17 -2.51644e-17 4.55741e-17
20050109T000000 2 25.3563 41.9792 169.818 0.0714682 0.028168 -36967.5 0.00234772 -0.356313 1.03263 1.2184e-15 3.74009e-17 47 8.35302e-10 0.193359 36.9438 137.528 20050109T060504 5 2.61566e-09 -7.17921e-07 -1.09924e-06 -1.26196e-15 0.00153121 -0.00381132 6.998e-13 0.0169557 -1.06936e-13 1.28509e-21 2.09498e-16 8.816e-18 2.09207e-16 6.0263e-16 9.72757e-17 1.38212e-15 -8.76067e-16 -4.8972e-17
20050109T000000 2 109.989 32.329 -30.3295 -0.0101825 0.0530602 -9189.4 0.00194834 10.011 1.0629 4.82481e-16 3.74009e-17 47 4.27292e-11 0.238281 36.9438 137.528 20050109T060504 8 1.36885e-08 3.62632e-06 -1.23864e-05 3.93103e-15 0.00152837 -0.00911083 2.88863e-13 0.362066 1.46763e-11 4.20787e-21 1.00026e-16 8.7034e-18 9.80027e-17 1.01645e-16 1.84062e-17 6.4745e-16 -2.83027e-16 8.73584e-17
20050109T000000 0 135.199 -13.6331 -85.835 0.132632 0.0476358 -21933.1 0.00919147 -10.1989 1.02077 1.46688e-16 4.12835e-17 47 4.08066e-10 0.25 36.9438 137.528 20050109T060504 19 8.58307e-09 -3.70635e-06 7.59068e-06 -2.09907e-15 0.00281657 -0.0111514 1.71601e-12 0.124526 4.82258e-12 4.38403e-21 3.71261e-17 8.53347e-18 3.83434e-17 2.53314e-16 3.71301e-17 9.18215e-17 -2.25064e-17 -1.03362e-17
20050109T000000 0 20.6852 57.2675 131.787 -0.0156291 0.100478 10400.2 0.00279382 4.31477 1.00755 -6.84631e-17 4.12835e-17 47 4.12065e-13 0.245117 36.9438 137.528 20050109T060504 9 1.44403e-07 1.87758e-05 1.20429e-05 4.93808e-14 0.00288401 0.00192744 5.51744e-12 0.00402618 5.37164e-12 2.15515e-20 1.16974e-17 9.30692e-18 1.16235e-17 7.67902e-17 -1.2765e-17 -1.53628e-17 3.43405e-17 6.31755e-17
20050109T000000 1 10.4288 40.1896 150.177 0.127934 0.0516429 -135158 0.00304871 -0.428795 1.02269 3.64698e-17 3.28431e-17 47 9.52729e-10 0.241211 36.9438 137.528 20050109T060504 8 1.1177e-08 -2.60953e-06 8.46658e-07 -4.79614e-15 0.00100235 -0.000396605 1.61004e-12 0.000181209 -5.05807e-13 6.77444e-21 2.78612e-17 9.07899e-18 2.67894e-17 6.10328e-17 1.76983e-16 -1.75839e-17 -4.43922e-17 1.65114e-17
20050109T000000 1 5.44658 42.3029 136.244 -0.0170115 0.0956088 895.368 0.00353232 -0.446585 1.07907 -4.71815e-17 3.28431e-17 47 4.8417e-15 0.243164 36.9438 137.528 20050109T060504 13 2.82351e-08 5.48488e-06 8.81389e-07 6.29019e-15 0.00142533 0.000232471 2.82365e-13 3.92808e-05 4.93241e-14 3.8009e-20 1.71758e-17 9.28608e-18 1.86044e-17 7.88654e-17 1.22909e-16 1.24309e-16 3.894e-18 8.36292e-17
20050110T000000 2 17.576 44.3613 158.561 0.0739217 0.04529 -5978.1 0.0100886 112.424 1.22074 1.51115e-15 7.7454e-17 46 1.29953e-10 0.19043 36.9438 137.528 20050110T060504 11 2.80521e-09 -8.71095e-07 -2.12083e-07 -1.10133e-15 0.00133608 -0.00162771 9.48809e-13 0.00356157 -7.28762e-13 1.33757e-21 3.75494e-16 1.86527e-17 3.76955e-16 1.0576e-15 -3.44715e-17 2.49033e-15 -1.35478e-15 -2.28901e-18
20050110T000000 0 13.1359 44.7303 151.518 0.0865227 0.0743575 -2088.95 0.0342571 1.86407 1.19881 2.20584e-17 9.23344e-17 46 2.38689e-11 0.196289 36.9438 137.528 20050110T060504 18 1.85625e-08 -2.82615e-06 1.95374e-06 6.84281e-15 0.00373436 -0.00297055 3.16809e-12 0.00333612 -1.81688e-12 9.7602e-21 1.3786e-16 2.02171e-17 1.40231e-16 9.26431e-16 -1.12671e-17 7.82594e-16 -5.66876e-16 -1.2732e-16
20050110T000000 1 28.3434 48.7155 173.066 0.119384 0.0862653 -35715.7 0.00443097 -8.34342 1.02116 -1.1072e-16 9.11207e-17 46 1.5751e-12 0.198242 36.9438 137.528 20050110T060504 7 4.85644e-09 -1.83873e-06 1.44605e-06 -5.77987e-16 0.00266866 -0.00943495 1.47776e-12 0.0573356 -2.99266e-12 1.9544e-21 3.57089e-18 1.7039e-17 2.88842e-18 1.49236e-16 1.90822e-17 1.17397e-16 -2.54943e-17 -5.08915e-17
20050110T055544 2 12.4976 42.5464 152.044 0.0722712 0.043583 -8972.24 0.00969783 72.5024 1.18329 1.76557e-15 5.7238e-17 30 3.12577e-13 0.188477 36.9438 137.528 20050110T120048 10 1.91107e-09 -5.97291e-07 -2.50192e-07 -1.1056e-15 0.000881708 -0.000552405 6.69834e-13 0.00102399 -6.12066e-14 1.15684e-21 3.6202e-16 1.65817e-17 3.62772e-16 1.06808e-15 6.54008e-17 2.39664e-15 -1.41345e-15 -2.17907e-16
20050110T055544 0 14.8276 44.9356 154.078 0.116818 0.0904293 -50590.2 0.000466273 0.172426 1.00088 1.29761e-16 7.37919e-17 30 8.8377e-14 0.194336 36.9438 137.528 20050110T120048 4 4.28075e-09 -7.36878e-07 -1.63586e-07 -6.77485e-16 0.00104765 -0.000769061 1.50006e-12 0.00148633 -6.08989e-13 4.23305e-21 5.38592e-17 1.54383e-17 5.13936e-17 3.39529e-16 -3.82116e-17 7.53336e-17 -5.21886e-17 -3.37168e-17
20050110T055544 1 11.0878 43.1169 149.547 0.1167 0.0896042 -32087.5 0.000496491 -1.08783 1.05426 -9.56012e-17 7.13419e-17 30 1.73975e-10 0.227539 36.9438 137.528 20050110T120048 9 4.69013e-09 -8.92955e-07 -2.75491e-07 -1.57307e-15 0.000910989 -0.000462744 1.42323e-12 0.00074008 -2.25528e-13 4.58897e-21 2.00441e-17 1.68893e-17 2.21975e-17 2.66977e-16 1.46646e-16 1.43512e-16 -2.94061e-17 6.25426e-17
20050110T115128 2 19.5848 45.3853 161.07 0.0709161 0.045845 -7230.24 0.00722939 0.415233 1.15987 1.65898e-15 4.89141e-17 48 4.58067e-15 0.180664 36.9438 137.528 20050110T175632 12 1.74741e-09 -8.08528e-07 -9.13249e-07 -1.04234e-15 0.00136071 -0.00160622 9.52934e-13 0.0101995 -2.05026e-13 1.21647e-21 3.41602e-16 1.28624e-17 3.39979e-16 1.08145e-15 -4.83101e-17 2.24605e-15 -1.41e-15 -1.39312e-16
20050110T115128 0 176.733 -34.9182 -46.0141 0.123881 0.0944588 6717.59 0.00819952 -1.73276 1.03502 4.89765e-17 6.42805e-17 48 3.05991e-15 0.204102 36.9438 137.528 20050110T175632 11 3.37053e-09 -7.6081e-08 2.53546e-09 1.55679e-15 0.000248068 1.65728e-05 3.02088e-13 1.37913e-06 1.4549e-14 5.48535e-21 4.09691e-17 1.40069e-17 3.87336e-17 2.55891e-16 4.12136e-17 4.74263e-17 -7.92777e-17 -6.90022e-17
20050110T115128 1 4.84317 39.7984 142.506 0.116488 0.0896971 -51584.9 0.000595024 0.156833 1.08775 9.93829e-17 5.71054e-17 48 2.01966e-14 0.231445 36.9438 137.528 20050110T175632 9 6.27566e-09 -1.25662e-06 2.17599e-07 -2.29373e-15 0.000646959 -0.000124477 1.65961e-12 2.61436e-05 -3.09839e-13 6.07268e-21 2.72036e-17 1.35392e-17 2.76191e-17 3.45034e-17 1.82464e-16 4.35501e-17 3.20238e-17 -4.66367e-17
20050110T174712 2 76.856 36.3814 -121.232 0.0668987 0.0481958 -16533.2 0.0026192 3.14396 1.01625 1.50595e-15 1.21193e-16 46 3.53994e-10 0.21875 36.9438 137.528 20050111T000000 4 2.82657e-09 -9.96896e-07 -3.36897e-05 -1.75839e-15 0.00257955 -0.0167563 1.63052e-12 3.7604 -4.00691e-14 2.49226e-21 2.47169e-16 2.43164e-17 2.49391e-16 6.95568e-16 -1.48628e-17 1.64759e-15 -7.00282e-16 -1.22667e-16
20050110T174712 0 6.35638 40.2126 144.484 0.135379 0.0880601 63430.7 0.0184814 -1.35638 1.06786 2.54838e-17 1.1781e-16 46 1.62779e-12 0.222656 36.9438 137.528 20050111T000000 8 -4.3413e-09 4.52633e-06 -9.91215e-07 -2.93023e-15 -0.00238976 0.000481711 3.83846e-13 -9.14055e-05 -7.3475e-14 5.57946e-21 5.71492e-17 2.52463e-17 5.43843e-17 3.59288e-16 -1.58604e-16 1.13126e-16 5.10121e-17 -1.44984e-16
20050110T174712 1 154.393 -40.2991 -75.506 0.156071 -0.0495644 -1259.27 0.14493 15.6071 1.04815 -1.39805e-16 1.05252e-16 46 1.13109e-14 0.225586 36.9438 137.528 20050111T000000 12 2.95797e-08 5.54106e-07 -6.01944e-06 -1.45912e-14 0.0022053 -0.00682896 -7.43548e-12 0.0224183 2.56214e-11 8.2393e-20 3.13289e-17 2.47969e-17 3.39354e-17 2.8954e-16 2.24193e-16 1.0436e-17 1.32058e-16 -1.50591e-17
20050113T000000 2 107.92 33.8572 -26.916 -0.0114972 0.0479501 -11162.3 0.00405849 -52.9203 1.05282 8.91235e-16 8.76447e-17 34 1.05377e-12 0.197266 36.9449 137.538 20050113T060504 6 1.90702e-08 4.33689e-06 -7.22628e-05 2.91192e-15 0.0025704 -0.0307031 -1.73409e-12 1.07811 5.44565e-11 1.04202e-20 1.75094e-16 1.96524e-17 1.75004e-16 3.12289e-16 -2.57436e-16 1.15616e-15 -3.32485e-16 1.89701e-17
20050113T000000 0 155.868 -13.399 -36.2088 -0.0243083 0.0922456 10581.9 0.0035054 4.13199 1.01497 -7.13004e-17 8.78815e-17 34 5.02165e-11 0.217773 36.9449 137.538 20050113T060504 6 1.83426e-08 2.14336e-06 -6.91443e-06 6.89841e-15 0.000985728 -0.00204966 -6.17984e-13 0.0150385 2.20769e-12 6.9124e-21 5.11252e-17 1.93235e-17 5.10858e-17 3.37496e-16 -1.84231e-16 1.00392e-17 2.56711e-17 1.03033e-16
20050113T000000 1 23.5114 58.8834 124.597 -0.0278566 0.0915102 60458.2 0.00173627 1.48859 1.00984 -2.17266e-16 8.95082e-17 34 1.7172e-13 0.192383 36.9449 137.538 20050113T060504 8 1.52272e-07 2.88601e-05 2.99853e-05 4.11721e-14 0.00614409 0.00722016 6.64647e-12 0.0136352 1.21031e-11 3.0996e-20 1.10513e-17 2.06862e-17 8.93159e-18 3.92029e-17 5.90061e-17 3.30479e-17 -2.36192e-17 3.76057e-17
20050113T055544 2 140.017 2.57043 -35.1668 -0.0094041 0.0471883 -10548.9 0.00626257 -55.0168 1.03972 6.76982e-16 5.95941e-17 45 2.71467e-13 0.207031 36.9449 137.538 20050113T120048 13 1.19688e-08 4.29724e-06 -1.7284e-05 3.4238e-15 0.00700934 -0.0256411 -2.27274e-12 0.215281 1.44612e-11 4.67649e-21 1.18248e-16 1.44593e-17 1.18153e-16 8.90337e-17 -6.1202e-17 7.80574e-16 -2.59959e-16 7.66492e-17
20050113T055544 0 34.3646 68.1558 111.851 -0.0268862 0.0897964 -38480.7 0.000233251 0.635402 1.00047 -6.27511e-17 7.42051e-17 45 4.08022e-15 0.204102 36.9449 137.538 20050113T120048 4 3.18926e-08 3.05766e-06 -2.94525e-06 1.23209e-14 0.000841218 0.00157003 -6.35624e-13 0.027536 5.86205e-12 2.40967e-20 3.10625e-17 1.52693e-17 2.94218e-17 1.94373e-16 -6.43655e-17 -7.47776e-17 3.54306e-17 1.40107e-16
20050113T055544 1 4.14922 41.0431 136.682 -0.010785 0.0682062 1053.64 0.0271642 0.850776 1.15427 -2.49336e-17 6.95603e-17 45 6.23636e-13 0.210938 36.9449 137.538 20050113T120048 17 3.53756e-08 1.3733e-06 9.10393e-08 -2.32859e-14 0.000659481 6.73829e-05 9.69718e-13 8.1568e-06 2.43937e-13 3.48999e-20 4.0359e-17 1.79284e-17 4.20671e-17 9.25194e-17 2.77914e-16 1.25124e-16 -1.05049e-16 1.43558e-16
20050113T115128 2 33.9796 37.4022 -179.583 0.100209 0.0251288 -5953.35 0.000245876 6.02043 1.01652 8.63329e-16 4.25969e-17 48 6.85697e-13 0.195312 36.9449 137.538 20050113T175632 7 5.55378e-09 -6.13905e-07 -3.11665e-06 -3.4267e-15 0.000740912 -0.00298686 2.19609e-13 0.0240043 3.41974e-12 3.18144e-21 1.60988e-16 9.43071e-18 1.61351e-16 9.20971e-16 2.70797e-17 1.06596e-15 -1.00608e-15 -1.59551e-16
20050113T115128 2 113.08 30.1497 -42.0674 -0.000296388 0.0459764 -5648.17 0.00102039 21.9197 1.01889 6.72204e-16 4.25969e-17 48 2.19469e-12 0.197266 36.9449 137.538 20050113T175632 5 8.71233e-09 3.65806e-06 -2.09661e-05 2.96231e-15 0.00271803 -0.0314304 2.23568e-13 1.15614 2.14784e-11 2.93858e-21 1.39154e-16 9.62608e-18 1.4138e-16 1.36004e-16 6.20628e-17 9.34022e-16 -2.86079e-16 6.88569e-18
20050113T115128 2 39.5091 42.7456 -170.909 0.0683834 0.0318232 -12349.2 0.00464112 -9.50911 1.0205 6.56856e-16 4.25969e-17 48 9.3454e-13 0.191406 36.9449 137.538 20050113T175632 5 1.46231e-08 -5.61667e-06 1.37607e-05 -8.87773e-15 0.00601277 -0.0230499 3.31998e-12 0.195935 -8.64217e-12 6.93922e-21 1.08392e-16 1.04633e-17 1.08708e-16 2.59679e-16 -1.45704e-16 7.18173e-16 -3.6387e-16 -1.95903e-17
20050113T115128 0 146.917 -3.78227 -42.3403 -0.000314524 0.0820425 99093.4 0.00108893 -1.91694 1.00097 1.61295e-18 5.78752e-17 48 3.76164e-15 0.208984 36.9449 137.538 20050113T175632 4 8.64765e-08 1.24623e-05 2.19545e-05 3.66969e-14 0.00390177 -0.011456 3.8744e-12 0.17413 1.98067e-11 1.75551e-20 1.49047e-17 1.0909e-17 1.62588e-17 1.07413e-16 -5.79709e-17 2.61166e-17 9.16758e-18 1.50146e-16
20050113T115128 0 168.264 -30.9136 -55.0099 0.119259 0.0616513 28319.6 0.00263137 1.73619 1.01698 2.79779e-17 5.78752e-17 48 4.68915e-13 0.213867 36.9449 137.538 20050113T175632 10 3.97456e-09 -1.23824e-06 9.96869e-07 -7.00826e-16 0.00107897 0.000501246 7.67824e-13 0.018093 -5.17524e-12 3.73053e-21 3.51333e-17 1.08885e-17 3.61682e-17 2.38944e-16 3.40473e-17 5.81829e-17 -4.01436e-17 -1.48058e-17
20050113T115128 1 9.76811 46.7146 137.805 0.00150636 0.0796107 -39665.8 0.0020492 0.231888 1.00769 -7.56255e-17 4.76071e-17 48 3.9056e-11 0.206055 36.9449 137.538 20050113T175632 4 2.07524e-08 6.63459e-06 2.05266e-06 5.33684e-15 0.00334147 0.00123994 1.00272e-12 0.00067438 6.36405e-13 4.42336e-21 2.85822e-17 1.13712e-17 2.76521e-17 -1.04682e-16 1.82682e-16 -1.30782e-17 1.90179e-17 3.73652e-17
20050113T115128 1 102.431 14.077 -105.019 0.114627 0.061956 -62661.7 0.00259241 -32.4305 1.03531 -1.05613e-17 4.76071e-17 48 2.78856e-12 0.210938 36.9449 137.538 20050113T175632 6 6.56518e-09 -1.10992e-06 -3.49384e-05 -6.53737e-16 0.000872534 -0.00709241 5.42902e-13 1.12829 1.78521e-11 2.15706e-21 1.47192e-17 1.11977e-17 1.50812e-17 2.32757e-17 9.96334e-17 1.49717e-16 -1.14471e-16 9.94037e-18
20050113T174712 2 115.177 28.0292 -40.7039 -0.00132386 0.0444191 9483.26 0.00372176 -50.1772 1.05166 9.97764e-16 3.02116e-17 46 1.80538e-11 0.158203 36.9449 137.538 20050114T000000 6 6.67676e-09 2.72788e-06 -2.44645e-05 2.03093e-15 0.00275052 -0.0382212 -6.68762e-13 1.28699 3.4363e-11 3.58029e-21 1.74936e-16 7.57654e-18 1.7632e-16 8.1612e-17 -7.40707e-17 1.16485e-15 -3.49552e-16 2.97628e-17
20050113T174712 2 39.4085 39.5077 -171.896 0.0742827 0.0266449 -159827 0.00179446 10.5915 1.01072 6.46062e-16 3.02116e-17 46 4.28896e-15 0.203125 36.9449 137.538 20050114T000000 7 1.61577e-08 -4.64425e-06 7.17333e-06 -6.71753e-15 0.00245988 -0.00957918 1.67537e-12 0.164407 1.20102e-12 3.79699e-21 1.04684e-16 7.06582e-18 1.04732e-16 3.66562e-16 -9.28865e-17 6.91907e-16 -3.91182e-16 -6.00483e-17
20050113T174712 2 41.6788 41.7311 -168.197 0.0682377 0.0303852 -11964.8 0.00563724 -16.6788 1.04341 5.56312e-16 3.02116e-17 46 4.66784e-16 0.192383 36.9449 137.538 20050114T000000 8 7.53093e-09 -1.83654e-06 -1.49258e-05 -3.63459e-15 0.00419536 -0.0301851 1.43214e-12 0.40637 5.97734e-12 3.35299e-21 1.00294e-16 8.20401e-18 9.97276e-17 3.10371e-16 -4.68912e-17 6.58846e-16 -3.92952e-16 -5.39733e-17
20050113T174712 0 119.691 23.3962 -38.2379 -0.00612483 0.0788911 78709 0.00356567 -29.6912 1.02346 5.77749e-17 4.41675e-17 46 8.07799e-12 0.21875 36.9449 137.538 20050114T000000 8 3.55244e-08 6.22643e-06 2.58079e-05 1.36518e-14 0.00199125 -0.0053306 1.49841e-12 0.682677 3.94139e-11 8.4906e-21 1.98588e-17 8.50211e-18 2.04076e-17 1.34822e-16 -1.81608e-17 -1.38401e-17 -2.41749e-17 1.04757e-16
20050113T174712 0 35.7229 39.626 -176.732 0.135578 0.0458221 91291.5 0.00100503 4.2771 1.00732 1.11649e-16 4.41675e-17 46 7.27931e-15 0.22168 36.9449 137.538 20050114T000000 7 1.43772e-08 -4.19645e-06 1.36123e-05 1.11344e-15 0.00221437 -0.0101219 -5.56078e-14 0.0610631 3.75465e-12 4.29421e-21 3.32295e-17 8.64009e-18 3.34208e-17 2.20793e-16 -8.74688e-17 -8.26792e-18 -1.94009e-17 4.55948e-18
20050113T174712 1 118.968 -48.8875 44.1769 -0.176807 -0.155211 932.06 0.289749 -93.9679 1.09116 -5.65923e-17 3.08291e-17 46 2.20806e-11 0.214844 36.9449 137.538 20050114T000000 14 -3.67738e-09 -1.00004e-06 -1.22471e-05 6.68777e-15 -0.000230685 -0.0106622 -2.04693e-13 -0.132352 1.18955e-11 -1.07064e-21 1.16872e-17 7.3571e-18 1.20962e-17 1.15491e-16 7.99132e-17 6.07881e-17 3.47624e-17 2.76629e-17
20050113T174712 1 175.634 -34.8907 -47.6369 0.12292 0.0616181 -18472.3 0.0205449 -5.63421 1.06272 -6.33256e-17 3.08291e-17 46 1.46387e-14 0.211914 36.9449 137.538 20050114T000000 16 1.89225e-08 -6.88535e-06 -2.27266e-07 -5.28169e-15 0.00281752 0.000155162 -6.08716e-13 1.11701e-05 -1.57969e-14 -5.38965e-21 1.48937e-17 7.43296e-18 1.46829e-17 6.53685e-17 9.70021e-17 5.89559e-17 -5.53527e-17 -2.20643e-17
20050114T000000 2 94.2401 48.7472 -35.0028 -0.00387868 0.0450656 -11990.1 0.00112324 -14.2401 1.01718 1.20806e-15 2.27353e-17 48 7.59515e-13 0.15918 36.9449 137.538 20050114T060504 4 5.66132e-09 2.22997e-06 -7.50255e-06 5.77382e-16 0.0016668 -0.013617 -7.71731e-13 0.700941 1.82787e-11 3.62516e-21 1.94876e-16 5.96051e-18 1.94942e-16 1.35022e-16 -4.06039e-17 1.28788e-15 -4.44687e-16 -3.4512e-17
20050114T000000 2 26.7276 42.4784 171.669 0.074824 0.0311728 -12839.2 0.00118594 8.27239 1.01508 7.02757e-16 2.27353e-17 48 1.90518e-12 0.195312 36.9449 137.538 20050114T060504 6 2.80092e-09 -9.1028e-07 -5.51794e-07 -1.4839e-15 0.00123231 -0.00311337 5.00982e-13 0.0163698 5.41232e-13 1.29171e-21 1.23967e-16 5.04318e-18 1.24417e-16 4.29513e-16 -1.07722e-17 8.21955e-16 -5.93083e-16 -6.32366e-17
20050114T000000 0 4.75201 41.6794 136.967 -0.00722398 0.0798076 -15145.7 0.00213915 0.247991 1.04928 3.40036e-17 3.21528e-17 48 1.6325e-10 0.223633 36.9449 137.538 20050114T060504 6 4.24019e-08 7.54335e-06 9.59339e-07 -3.34786e-14 0.00183323 0.000244351 -6.62457e-12 3.42458e-05 -8.81415e-13 4.44389e-20 1.07851e-17 6.24984e-18 1.23517e-17 8.16008e-17 -1.69545e-17 3.23655e-17 -2.47443e-17 2.88406e-17
20050114T000000 0 25.7381 41.1111 170.328 0.169546 0.0600507 -11751 0.035072 64.2619 1.13545 8.76813e-17 3.21528e-17 48 1.22663e-13 0.214844 36.9449 137.538 20050114T060504 13 1.20944e-08 -2.0143e-06 2.45429e-06 -2.37151e-15 0.000704833 -0.00180224 6.11817e-13 0.00741451 1.90554e-13 3.96343e-21 4.75143e-17 5.90135e-18 4.73476e-17 3.128e-16 -4.90312e-18 -5.01996e-18 1.78991e-17 -8.18528e-17
20050114T000000 1 158.592 -15.6333 -39.6631 -0.00945778 0.0742311 -3429.8 0.00678436 1.40836 1.03662 9.54553e-18 2.17501e-17 48 5.14814e-11 0.232422 36.9449 137.538 20050114T060504 11 1.47665e-07 1.71151e-06 6.872e-05 8.70897e-14 0.00331152 -0.00719243 -1.96886e-12 0.06546 4.86401e-11 5.57675e-20 9.93617e-18 6.67681e-18 1.06985e-17 4.02903e-18 7.0679e-17 3.28946e-17 -2.0278e-17 7.10271e-17
20050114T000000 1 170.406 -32.6919 -53.3597 0.133464 0.0571945 23495.1 0.00354453 -0.405852 1.02333 -3.69679e-17 2.17501e-17 48 4.00267e-10 0.227539 36.9449 137.538 20050114T060504 9 5.83448e-09 -2.22629e-06 -8.16995e-08 -8.20567e-16 0.00159909 0.000998675 3.53767e-13 0.00255124 -7.28029e-13 1.8221e-21 7.21854e-18 5.96467e-18 7.48061e-18 1.03083e-16 4.94203e-17 8.27161e-19 7.78906e-19 -1.22829e-17
20050114T055544 2 73.9684 68.7166 -28.2743 -0.00422025 0.0453207 -12013.3 0.000843104 1.03159 1.02216 1.36241e-15 1.72934e-17 45 1.67134e-12 0.161133 36.9449 137.538 20050114T120048 4 3.36196e-09 1.22477e-06 -6.91859e-06 8.19452e-16 0.000943026 -0.00972063 -2.49927e-13 0.388593 1.26172e-11 1.81737e-21 2.20924e-16 4.42953e-18 2.21974e-16 1.75503e-16 -4.16021e-17 1.46646e-15 -4.87102e-16 -4.4821e-17
20050114T055544 0 166.849 -23.8102 -41.2703 -0.00654291 0.080384 -49500.9 0.00253312 -1.8492 1.01345 6.50566e-18 2.38681e-17 45 5.22821e-15 0.227539 36.9449 137.538 20050114T120048 7 4.16618e-08 4.27332e-06 -1.61711e-06 2.09602e-14 0.00244278 -0.0019762 7.31867e-13 0.00225218 1.15601e-13 1.26957e-20 7.52747e-18 4.38422e-18 7.83075e-18 5.17335e-17 3.57535e-19 2.30247e-17 -1.34313e-17 5.90478e-17
20050114T055544 1 135.258 7.85202 -39.898 -0.00473541 0.0757327 -7178.59 0.00677723 -5.25798 1.04295 5.83482e-18 1.56683e-17 45 4.9708e-10 0.233398 36.9449 137.538 20050114T120048 8 2.58462e-08 5.45922e-06 1.16331e-05 1.05931e-14 0.00225791 -0.00718418 1.06047e-12 0.262534 1.40165e-11 7.35282e-21 1.09521e-17 4.73038e-18 1.18135e-17 4.17188e-18 7.80455e-17 6.14145e-17 -1.94201e-17 2.34782e-17
20050114T115128 2 75.6628 66.9317 -27.5642 -0.00479924 0.0458396 -9117.35 0.000863315 -0.662824 1.01683 1.15961e-15 1.40789e-17 43 4.30661e-15 0.15332 36.9449 137.538 20050114T175632 4 3.2598e-09 1.03619e-06 -5.40978e-06 6.01366e-16 0.000792318 -0.00912364 -2.31649e-13 0.361543 9.53501e-12 1.34636e-21 1.82899e-16 3.24924e-18 1.83499e-16 1.40013e-16 -4.45539e-17 1.21228e-15 -4.06497e-16 -6.24703e-17
20050114T115128 2 32.4274 42.645 179.396 0.0732852 0.0316196 -13710.2 0.00471377 72.5726 1.11048 8.50285e-16 1.40789e-17 43 2.21862e-12 0.194336 36.9449 137.538 20050114T175632 7 2.00817e-09 -1.54285e-07 -2.4728e-06 -9.84671e-16 0.000425559 -0.00156752 1.64319e-13 0.0256143 8.69096e-13 7.11885e-22 1.49334e-16 2.88274e-18 1.49431e-16 4.78434e-16 -2.59111e-17 9.87206e-16 -6.95305e-16 -8.09016e-17
20050114T115128 0 28.3178 44.9312 173.746 0.0909346 0.0479632 27918.1 0.00503073 6.68225 1.01678 5.57465e-16 1.79801e-17 43 3.75004e-12 0.197266 36.9449 137.538 20050114T175632 5 7.87018e-09 -2.73106e-06 1.94607e-07 -2.69066e-15 0.00197508 -0.00347573 1.85731e-12 0.0192359 -7.55859e-13 3.46584e-21 9.77421e-17 3.5738e-18 9.78434e-17 6.46397e-16 -4.19423e-17 5.66224e-16 -5.96962e-16 -1.27583e-16
20050114T115128 0 42.3368 78.5438 119.349 -0.00773885 0.083389 41361.7 0.00270144 12.6632 1.03785 2.92832e-17 1.79801e-17 43 6.61175e-15 0.235352 36.9449 137.538 20050114T175632 16 3.25986e-08 7.44827e-06 2.2362e-05 1.07999e-14 0.00267911 0.00192967 9.83891e-13 0.131709 2.05159e-11 7.62037e-21 1.00978e-17 2.81965e-18 1.0667e-17 7.04709e-17 -8.61875e-18 1.6111e-17 -6.85037e-18 1.29694e-17
20050114T115128 1 129.533 13.4036 -37.0511 -0.00991882 0.0834289 10309.2 0.00259689 -9.53293 1.01406 -1.03101e-17 1.05717e-17 43 3.55025e-14 0.229492 36.9449 137.538 20050114T175632 6 2.64887e-08 2.5339e-06 1.54711e-05 1.3498e-14 0.00118083 -0.011134 -1.30407e-13 0.313294 3.36364e-11 1.09275e-20 4.82841e-18 3.0884e-18 4.53124e-18 2.37863e-17 2.99355e-17 5.92876e-18 -4.56362e-18 -4.82606e-18
20050114T115128 1 38.5797 43.1591 -172.102 0.12819 0.0608386 -200751 0.00307719 -3.57966 1.00806 -1.77496e-17 1.05717e-17 43 2.89122e-13 0.239258 36.9449 137.538 20050114T175632 5 9.87825e-09 -3.62075e-06 7.4142e-06 -4.06622e-15 0.00274918 -0.0141792 1.64736e-12 0.113207 -5.98477e-13 4.53761e-21 2.78046e-18 2.85153e-18 2.82613e-18 8.19561e-17 1.86707e-17 1.77419e-17 -2.8256e-17 -1.33853e-17
20050114T174712 2 89.6298 53.1824 -32.3256 -0.00488203 0.046046 -6923.21 0.00105261 -4.6298 1.02532 8.17793e-16 1.33491e-17 28 1.20722e-10 0.15918 36.9449 137.538 20050115T000000 3 3.86591e-09 1.15162e-06 -6.3261e-06 1.12653e-15 0.000829696 -0.0107371 -6.95561e-14 0.417318 1.04768e-11 1.29947e-21 1.33591e-16 3.57832e-18 1.3372e-16 7.76671e-17 -3.41965e-17 8.83416e-16 -2.93612e-16 -4.5821e-17
20050114T174712 2 31.2538 42.8789 177.82 0.0728828 0.0319093 -13306.1 0.00422647 -6.25376 1.07502 7.72783e-16 1.33491e-17 28 9.40396e-10 0.191406 36.9449 137.538 20050115T000000 4 2.8057e-09 -7.81416e-07 -3.14674e-06 -1.48021e-15 0.00079421 -0.00164655 6.08083e-13 0.0242632 8.9378e-13 1.32273e-21 1.36859e-16 3.73964e-18 1.37091e-16 4.12635e-16 4.2811e-18 9.05687e-16 -6.04584e-16 -9.58646e-17
20050114T174712 2 20.466 44.2248 162.784 0.0833168 0.0456198 -196786 0.00549426 -5.46596 1.08637 6.65954e-16 1.33491e-17 28 1.40323e-14 0.193359 36.9449 137.538 20050115T000000 9 4.00408e-09 -1.28489e-06 1.74524e-06 -1.45583e-15 0.00117406 -0.00191168 9.03563e-13 0.0069486 -1.37882e-12 1.8005e-21 1.2042e-16 3.618e-18 1.20956e-16 5.93392e-16 -2.42253e-17 7.99092e-16 -6.72132e-16 -1.27286e-16
20050114T174712 0 17.8604 43.9024 159.173 0.0895617 0.0509609 12420.7 0.00806893 7.13963 1.09597 6.01614e-16 1.65187e-17 28 6.09299e-11 0.199219 36.9449 137.538 20050115T000000 6 2.66883e-09 -9.45191e-07 2.17424e-08 -1.23446e-15 0.00110439 -0.00153718 5.2563e-13 0.00402215 1.79358e-14 1.16838e-21 1.18832e-16 4.35259e-18 1.19662e-16 7.9054e-16 -2.44906e-17 7.46259e-16 -7.33747e-16 -1.62334e-16
20050114T174712 0 67.4356 74.4286 -16.5727 -0.0096563 0.0752877 -1533.33 0.00574986 67.5644 1.05772 -6.814e-18 1.65187e-17 28 2.48515e-11 0.207031 36.9449 137.538 20050115T000000 12 4.38021e-08 8.40216e-06 6.3996e-05 1.65306e-14 0.00229378 0.0206746 2.653e-12 1.15533 9.47797e-11 1.48747e-20 6.46017e-18 2.78019e-18 6.64938e-18 4.39288e-17 -2.72437e-17 4.40096e-17 -2.24558e-17 1.20994e-17
20050114T174712 1 39.0848 74.408 114.604 -0.0141755 0.0838129 -3190.57 0.00589056 90.9152 1.04358 -1.02645e-17 1.10554e-17 28 2.04969e-15 0.191406 36.9449 137.538 20050115T000000 10 3.8232e-08 7.29845e-06 5.66707e-06 7.15521e-15 0.00164312 -0.000158664 7.66974e-13 0.0948345 2.01441e-11 7.07872e-21 1.61318e-18 2.39078e-18 1.86075e-18 -1.10704e-17 1.22929e-17 -1.57021e-17 -5.0284e-18 6.16631e-18
20050114T174712 1 150.625 -10.7921 -57.6274 0.0727848 0.120539 33684.5 0.0783747 -135.625 1.01548 -3.35843e-18 1.10554e-17 28 3.29544e-12 0.193359 36.9449 137.538 20050115T000000 12 8.38551e-09 2.29045e-06 1.1707e-05 2.85494e-15 0.00139387 0.000918289 1.02099e-12 0.0934892 3.16074e-12 1.90602e-21 -1.96024e-20 2.54371e-18 -1.40562e-19 -6.08042e-18 -9.28616e-19 -1.57036e-17 1.51571e-18 3.1051e-18
