20050212T055544 2 51.0238 60.0321 -148.449 0.0522802 0.0662454 -15285.6 0.00439274 73.9762 1.10886 1.47886e-15 3.10247e-17 42 2.79744e-10 0.157227 36.951 137.538 20050212T120048 9 6.98274e-10 1.0101e-07 -5.76825e-07 4.76747e-17 0.00100456 0.0101987 7.18722e-13 0.813786 1.12805e-11 8.76378e-22 2.72901e-16 9.16554e-18 2.72133e-16 7.99841e-16 9.50155e-18 1.79783e-15 -1.13585e-15 -3.3626e-17
20050212T055544 0 20.3077 51.711 157.235 0.0549404 0.0725031 -4684.9 0.00249764 -0.307745 1.06025 8.41212e-16 4.24327e-17 42 2.2747e-10 0.157227 36.951 137.538 20050212T120048 7 3.07452e-09 -1.95913e-07 -4.43432e-07 1.68757e-15 0.00127872 0.000733112 2.19044e-13 0.0347511 6.72415e-13 1.8588e-21 1.79682e-16 9.34711e-18 1.79524e-16 1.18602e-15 2.17543e-17 2.07002e-15 -1.5008e-15 -1.48159e-16
20050212T055544 0 15.2604 47.4501 152.535 0.0699843 0.0781272 -5757.77 0.00687277 4.73957 1.08447 6.54147e-16 4.24327e-17 42 4.62665e-15 0.231445 36.951 137.538 20050212T120048 11 6.05267e-09 -2.5638e-07 6.44295e-07 3.8445e-15 0.00184658 -0.00132534 2.32975e-12 0.00640369 1.28349e-12 7.92711e-21 1.30826e-16 9.58458e-18 1.30744e-16 8.63751e-16 1.62778e-17 1.01017e-15 -8.61199e-16 -9.53632e-17
20050212T055544 1 167.593 -26.4264 -50.4845 0.0899661 0.131793 14976.8 0.00579267 -7.5929 1.03243 1.02766e-16 3.65778e-17 42 7.17968e-15 0.227539 36.951 137.538 20050212T120048 10 1.35831e-08 1.56892e-06 4.15432e-06 5.67555e-15 0.000747988 -6.71284e-05 1.11749e-12 0.00321629 1.0981e-12 3.46098e-21 2.62767e-17 9.18268e-18 2.6258e-17 1.94626e-16 1.73472e-16 7.66564e-18 3.23648e-17 4.22103e-17
20050212T115128 2 30.2528 56.222 172.375 0.0535832 0.0655911 -14896.1 0.00153514 -10.2528 1.01663 1.1941e-15 2.29926e-17 44 6.57988e-15 0.154297 36.951 137.538 20050212T175632 8 2.05785e-09 1.4999e-07 3.28629e-06 -2.65903e-16 0.000827155 0.00319014 1.79967e-13 0.118797 -8.78366e-13 7.87912e-22 2.05855e-16 5.04713e-18 2.06023e-16 6.35172e-16 -2.55093e-17 1.36108e-15 -8.67878e-16 -9.14827e-17
20050212T115128 0 10.6615 44.3555 147.648 0.0710103 0.0763904 -5451.92 0.00374836 -0.661545 1.04083 7.38119e-16 3.09564e-17 44 1.11041e-15 0.216797 36.951 137.538 20050212T175632 7 2.00604e-09 1.01486e-07 -5.20604e-07 7.10403e-16 0.000946295 -0.000830734 6.76065e-13 0.00136469 -8.13425e-13 1.46796e-21 1.42961e-16 6.90895e-18 1.44221e-16 9.52792e-16 -7.92005e-18 9.79371e-16 -8.81988e-16 -1.36553e-16
20050212T115128 0 83.4613 44.5253 -100.213 0.0512129 0.0670494 -22005.3 0.0031902 41.5387 1.04366 6.41488e-16 3.09564e-17 44 8.6383e-12 0.232422 36.951 137.538 20050212T175632 6 2.12039e-09 8.87708e-07 2.41e-05 8.36304e-16 0.00162449 0.0170074 7.60457e-13 4.51451 1.39631e-11 1.03872e-21 1.06742e-16 6.77638e-18 1.07338e-16 7.09126e-16 -2.76593e-17 1.29206e-15 -8.80993e-16 -5.10851e-17
20050212T115128 1 13.4601 46.5982 150.149 0.100581 0.118588 -14025.7 0.00224069 1.53992 1.01846 8.84804e-17 2.47317e-17 44 1.10394e-14 0.231445 36.951 137.538 20050212T175632 6 8.61417e-09 7.23103e-07 -2.10629e-06 3.72467e-15 0.000522333 -0.000600474 7.67759e-13 0.00324232 -8.51561e-13 3.14906e-21 2.7309e-17 6.05878e-18 2.7011e-17 1.60901e-16 1.78447e-16 8.28971e-17 4.91108e-18 3.90841e-17
20050212T174712 2 32.2728 57.9538 175.001 0.0490867 0.0643309 -13527.4 0.00113213 92.7272 1.21053 2.0185e-15 1.71785e-17 45 1.41861e-11 0.144531 36.951 137.538 20050213T000000 6 1.57098e-10 6.72117e-08 -3.692e-07 5.80828e-17 0.000323227 -0.000911725 1.67416e-13 0.0713746 2.5429e-13 1.81558e-22 4.71641e-16 5.80172e-18 4.7206e-16 1.12089e-15 2.11717e-17 3.11864e-15 -1.79421e-15 -3.05163e-16
20050212T174712 0 28.9275 56.708 169.241 0.0482881 0.0646278 -18075 0.00175188 116.073 1.18511 7.46304e-16 2.15444e-17 45 3.62383e-14 0.146484 36.951 137.538 20050213T000000 9 3.66378e-10 1.70351e-07 2.50043e-07 1.52947e-16 0.000726054 -0.00129119 4.11775e-13 0.137398 1.13436e-12 4.68859e-22 1.75102e-16 4.87948e-18 1.74883e-16 1.15536e-15 1.50372e-17 3.01533e-15 -1.77594e-15 -3.08557e-16
20050212T174712 0 33.6247 56.2361 178.84 0.0628982 0.0706839 31083.4 0.00221026 -3.62469 1.0184 7.16234e-16 2.15444e-17 45 8.48444e-16 0.142578 36.951 137.538 20050213T000000 5 1.78521e-09 -1.48043e-07 -2.77641e-06 1.41355e-16 0.00157896 -0.00179585 1.09922e-12 0.192599 4.39485e-12 1.65633e-21 1.21898e-16 4.4058e-18 1.22197e-16 8.0729e-16 -1.01965e-18 1.55345e-15 -1.03415e-15 -2.30095e-16
20050212T174712 1 21.4202 52.2234 158.87 0.0875378 0.112997 -28927.7 0.00323331 -1.42018 1.03352 2.77717e-16 1.74974e-17 45 1.25326e-10 0.143555 36.951 137.538 20050213T000000 5 8.00506e-10 1.61283e-07 -5.83314e-07 4.00177e-16 0.000455165 -0.000988258 3.12764e-13 0.0128183 -3.93442e-13 5.88436e-22 7.04194e-17 3.98006e-18 7.09367e-17 4.04178e-16 4.6864e-16 2.67538e-16 8.71526e-17 2.11731e-16
20050213T000000 2 29.4605 56.3398 170.679 0.0499491 0.0634701 -14248.1 0.00153078 5.53947 1.18239 1.97703e-15 1.34694e-17 48 3.59573e-11 0.138672 36.9459 137.533 20050213T060504 5 1.45004e-10 3.28528e-08 -4.03732e-07 3.90933e-17 0.000282809 -0.00095206 1.3205e-13 0.0349085 6.63767e-14 1.49168e-22 4.11848e-16 3.94376e-18 4.11895e-16 9.59605e-16 -6.74772e-18 2.72117e-15 -1.58193e-15 -2.25735e-16
20050213T000000 0 31.3821 57.2428 173.768 0.0496923 0.0634798 -16025.1 0.00155101 73.6179 1.16403 7.17242e-16 1.26524e-17 48 7.086e-14 0.145508 36.9459 137.533 20050213T060504 5 3.51499e-10 1.02433e-07 -4.39796e-07 1.25627e-16 0.000648626 -0.00226921 2.82331e-13 0.175862 6.19001e-13 3.31041e-22 1.46587e-16 3.4667e-18 1.46501e-16 9.67851e-16 -8.17121e-18 2.70316e-15 -1.58153e-15 -2.21247e-16
20050213T000000 0 30.7817 54.7429 174.435 0.0708151 0.0764253 18508.3 0.00442095 -5.78167 1.04785 6.22691e-16 1.26524e-17 48 4.02554e-14 0.188477 36.9459 137.533 20050213T060504 8 1.89992e-09 -1.26064e-07 -2.16868e-06 2.27836e-17 0.000966085 -0.00237886 8.83678e-13 0.109263 1.73099e-12 1.74952e-21 1.0654e-16 3.45897e-18 1.06995e-16 7.06854e-16 -3.44032e-18 9.78598e-16 -7.83409e-16 -1.25183e-16
20050213T000000 1 25.7392 53.8605 165.642 0.0918473 0.109638 -26918.8 0.0086968 -5.7392 1.08961 1.80308e-16 1.28162e-17 48 8.50306e-11 0.143555 36.9459 137.533 20050213T060504 8 1.14939e-09 1.40332e-08 -6.35909e-07 4.66124e-16 0.000855884 -0.00326859 4.99535e-13 0.0432792 -7.32141e-13 8.24185e-22 4.53447e-17 2.43869e-18 4.55318e-17 4.14412e-16 3.00804e-16 2.07749e-16 7.22312e-17 1.84177e-16
20050213T055544 2 34.002 57.7286 178.645 0.0507026 0.0624962 -16261.7 0.00260055 0.998018 1.21762 1.15373e-15 8.73122e-18 43 4.74312e-11 0.152344 36.9459 137.533 20050213T120048 8 2.25423e-10 -2.40597e-08 -1.71187e-07 3.90416e-17 0.00040886 -0.00147875 1.4351e-13 0.0787982 8.52716e-14 1.6512e-22 2.20991e-16 2.55578e-18 2.21131e-16 5.20503e-16 -7.37756e-18 1.46089e-15 -8.64894e-16 -1.14726e-16
20050213T055544 0 19.409 49.0502 158.407 0.0752424 0.0756311 -36604.9 0.000676061 5.591 1.00698 5.18553e-16 9.2189e-18 43 1.08472e-13 0.197266 36.9459 137.533 20050213T120048 6 2.00356e-09 -4.67394e-07 -3.17273e-06 -6.83524e-16 0.000876432 -0.00024753 8.88457e-13 0.017025 2.14193e-12 1.64118e-21 8.59966e-17 2.26255e-18 8.60655e-17 5.68587e-16 -6.38391e-18 6.10445e-16 -5.62168e-16 -1.0782e-16
20050213T055544 1 23.2885 52.6242 162.118 0.0917536 0.109827 -29360.2 0.00850701 -8.28852 1.08321 8.16471e-17 7.69796e-18 43 8.50622e-10 0.138672 36.9459 137.533 20050213T120048 8 1.35313e-09 -6.8554e-08 -2.42102e-06 5.25218e-16 0.000717568 -0.00182889 4.1457e-13 0.0508669 -1.50052e-12 8.37588e-22 2.12716e-17 1.53717e-18 2.13533e-17 1.62236e-16 1.41069e-16 8.74871e-17 2.71274e-17 7.4085e-17
20050213T115128 2 63.5545 50.7667 -130.486 0.0597444 0.059704 -27476.5 0.0003911 -3.55448 1.00231 6.58313e-16 7.32841e-18 48 1.08626e-14 0.185547 36.9459 137.533 20050213T175632 5 1.06633e-09 -5.83312e-08 -5.57736e-06 -2.3215e-16 0.000608397 -0.00334912 2.26262e-13 0.462284 -6.06535e-14 4.36795e-22 1.01503e-16 1.5007e-18 1.0135e-16 3.43304e-16 -6.32118e-18 6.69563e-16 -4.68511e-16 -6.66322e-17
20050213T115128 0 18.4871 48.285 157.474 0.0775814 0.0751488 -17796.4 0.00258573 6.51294 1.03881 3.716e-16 7.48015e-18 48 8.65382e-16 0.191406 36.9459 137.533 20050213T175632 8 4.15499e-09 -3.19884e-07 2.70712e-07 6.65999e-16 0.000626045 1.05442e-05 7.05474e-13 0.0185521 2.77505e-12 1.81208e-21 6.57125e-17 1.57112e-18 6.61081e-17 4.3674e-16 1.50201e-18 4.11615e-16 -4.09178e-16 -9.36199e-17
20050213T115128 0 42.3215 55.5508 -165.282 0.0597591 0.0595496 -41677.9 0.000510783 -7.32146 1.00658 3.40946e-16 7.48015e-18 48 5.10644e-15 0.185547 36.9459 137.533 20050213T175632 5 9.81439e-10 -1.02279e-07 -5.99785e-06 -2.11053e-17 0.000917817 -0.00402353 4.37496e-13 0.414926 -1.62189e-12 6.45552e-22 5.2665e-17 1.53876e-18 5.27774e-17 3.48671e-16 -4.88338e-18 6.59691e-16 -4.67161e-16 -6.59872e-17
20050213T115128 1 29.0741 53.539 172.095 0.106373 0.109669 -13719.5 0.002331 5.92591 1.0022 2.45364e-17 5.00673e-18 48 1.16778e-14 0.248047 36.9459 137.533 20050213T175632 5 3.40278e-09 8.45083e-07 -1.03755e-05 1.01705e-15 0.00401386 -0.0243558 3.51989e-12 0.189454 -1.83592e-11 4.34796e-21 5.84725e-18 9.36484e-19 5.75692e-18 5.30828e-17 3.80328e-17 9.44408e-18 6.77921e-18 2.62173e-17
20050213T174712 2 61.0145 50.7913 -134.901 0.0610565 0.0582514 -18011 0.002043 3.98547 1.02841 4.97558e-16 5.32737e-18 46 3.20809e-13 0.186523 36.9459 137.533 20050214T000000 6 5.95896e-10 -1.23499e-07 -6.50262e-06 -1.3815e-16 0.000521691 -0.000676125 2.38583e-13 0.491203 2.19863e-12 3.0432e-22 7.91359e-17 1.08746e-18 7.93462e-17 2.6868e-16 -4.4024e-18 5.24197e-16 -3.69559e-16 -6.63482e-17
20050213T174712 0 19.8117 48.6912 159.415 0.0794006 0.074668 -20676.1 0.000685213 5.18834 1.01822 2.82895e-16 6.29061e-18 46 1.10589e-12 0.191406 36.9459 137.533 20050214T000000 5 2.9727e-09 3.05376e-07 -1.21665e-06 1.72965e-15 0.000725688 -0.000918132 9.68922e-13 0.00951467 -2.21326e-13 2.62734e-21 5.01285e-17 1.41496e-18 5.01827e-17 3.31529e-16 -1.79507e-18 2.9662e-16 -2.97522e-16 -8.38868e-17
20050213T174712 0 52.842 53.7091 -147.358 0.0604392 0.0583165 -22932.4 0.00173985 -2.84198 1.02654 2.58515e-16 6.29061e-18 46 7.89598e-14 0.193359 36.9459 137.533 20050214T000000 5 6.93827e-10 -5.16504e-08 -4.29405e-06 -7.94318e-17 0.000851066 -0.00439317 3.99725e-13 0.516104 3.26432e-13 4.63445e-22 4.13308e-17 9.59258e-19 4.12224e-17 2.72334e-16 -2.19851e-18 5.17732e-16 -3.69198e-16 -7.01549e-17
20050213T174712 1 18.9781 48.7977 157.875 0.107947 0.108084 -22823.3 9.913e-05 -3.9781 1.01994 1.70801e-18 3.99604e-18 46 2.592e-15 0.248047 36.9459 137.533 20050214T000000 7 6.27469e-09 -2.65572e-06 -4.28267e-06 -2.92216e-15 0.00229453 0.000860156 3.12025e-12 0.0145058 1.85081e-12 5.24492e-21 2.93504e-18 7.60989e-19 2.89454e-18 2.47471e-17 1.91226e-17 2.7404e-18 6.32788e-18 9.29256e-18
