20050115T000000 2 22.5323 44.1637 165.705 0.0741261 0.0385953 -10330.5 0.00435862 2.46767 1.14273 9.7453e-16 1.22166e-17 47 2.81435e-14 0.189453 36.9379 137.527 20050115T060504 8 1.51395e-09 -3.33017e-07 -4.20461e-07 -5.88999e-16 0.000348034 -0.000375147 2.84316e-13 0.00294792 1.46294e-13 6.98481e-22 1.9723e-16 2.96469e-18 1.9761e-16 6.31997e-16 -1.71356e-17 1.3055e-15 -8.9146e-16 -1.14801e-16
20050115T000000 0 22.8691 44.4393 166.119 0.0835278 0.0445784 -4816.92 0.00153138 2.1309 1.04793 5.36365e-16 1.3397e-17 47 1.27907e-13 0.191406 36.9379 137.527 20050115T060504 9 2.4731e-09 -4.56148e-07 -7.10813e-07 -1.40178e-15 0.000931352 -0.0022316 3.2594e-13 0.0107393 7.83566e-14 2.4387e-21 1.04668e-16 2.97753e-18 1.04997e-16 6.93655e-16 -3.0424e-17 9.8688e-16 -7.94212e-16 -1.48597e-16
20050115T000000 0 29.1214 44.3895 174.892 0.101079 0.0506507 -26112.4 0.00126032 5.87855 1.02199 5.16805e-16 1.3397e-17 47 7.80475e-11 0.196289 36.9379 137.527 20050115T060504 5 5.27567e-09 -1.49088e-06 -7.70569e-08 -3.1836e-15 0.000881153 -0.00207462 1.13453e-12 0.0138077 -7.19223e-14 3.2495e-21 1.0128e-16 3.45487e-18 1.01296e-16 6.69205e-16 -1.16918e-17 5.90966e-16 -5.83535e-16 -1.73347e-16
20050115T000000 0 18.601 43.1616 160.45 0.0756674 0.0379766 -7432.32 0.00601773 21.399 1.12251 5.10618e-16 1.3397e-17 47 1.50431e-15 0.189453 36.9379 137.527 20050115T060504 9 2.33794e-09 -9.24408e-07 -1.05313e-07 -1.16071e-15 0.000937153 -0.000914155 7.43291e-13 0.00302282 -4.84434e-14 1.33241e-21 9.92366e-17 3.13345e-18 9.96434e-17 6.58289e-16 -5.56604e-18 1.22723e-15 -8.86725e-16 -1.14327e-16
20050115T000000 1 93.0028 20.3155 -112.434 0.127857 0.0685418 -33655.7 0.00392543 -28.0028 1.02479 8.93544e-18 9.12979e-18 47 3.21298e-10 0.193359 36.9379 137.527 20050115T060504 6 6.85409e-09 -1.53458e-06 -1.96578e-05 -2.94767e-15 0.00106154 -0.0116645 8.5361e-13 0.592306 1.25225e-11 2.70312e-21 3.23579e-18 1.77227e-18 3.47672e-18 5.81787e-17 2.29688e-17 4.75616e-17 -1.51606e-17 1.05367e-17
20050115T055544 2 21.8707 44.4653 164.698 0.0746502 0.0407293 -6501.01 0.00631373 -1.87071 1.25914 9.93384e-16 1.35982e-17 38 1.21392e-13 0.192383 36.9379 137.527 20050115T120048 11 1.34825e-09 -4.63701e-07 -6.24935e-08 -7.97684e-16 0.000461509 -0.00069176 3.97319e-13 0.00278501 2.29016e-14 1.04937e-21 2.31127e-16 3.91147e-18 2.31829e-16 7.59097e-16 -3.167e-17 1.53156e-15 -1.07673e-15 -1.35675e-16
20050115T055544 0 20.0695 44.0368 162.261 0.0954546 0.0516394 -18682.1 0.0017013 4.93045 1.0409 5.89598e-16 1.46087e-17 38 2.00859e-11 0.19043 36.9379 137.527 20050115T120048 8 4.3932e-09 -1.89942e-06 1.69215e-06 -2.49682e-15 0.00173505 -0.00266915 1.54857e-12 0.00579539 -1.53346e-12 2.74181e-21 1.14989e-16 3.89646e-18 1.14907e-16 7.59128e-16 -2.6331e-17 7.83835e-16 -7.44112e-16 -2.0009e-16
20050115T055544 0 22.568 44.6522 165.641 0.0847447 0.0465515 -3886.02 0.00157239 7.43203 1.05041 5.61509e-16 1.46087e-17 38 5.17787e-10 0.185547 36.9379 137.527 20050115T120048 7 2.36665e-09 -4.55025e-07 -1.25883e-06 -1.04613e-15 0.000765926 -0.00167814 5.19948e-13 0.0107643 -2.99423e-13 1.6671e-21 1.30609e-16 4.11925e-18 1.30669e-16 8.63256e-16 -1.79875e-17 1.20396e-15 -9.851e-16 -1.53146e-16
20050115T055544 1 14.6951 43.8987 154.531 0.123759 0.0820052 -35717.2 0.00245634 0.304932 1.01242 -5.85535e-18 9.43177e-18 38 1.8197e-15 0.179688 36.9379 137.527 20050115T120048 8 7.65723e-09 -3.30884e-06 2.45305e-06 -6.12305e-15 0.00318705 -0.00420894 4.35434e-12 0.00722759 -4.39836e-12 8.78757e-21 5.18788e-18 1.94128e-18 5.5951e-18 8.81463e-17 3.69638e-17 4.31205e-17 -1.28088e-17 -1.72309e-17
20050115T115128 2 20.8684 44.1339 163.365 0.0743876 0.0399248 -7359.44 0.0067088 -0.868353 1.14515 9.37988e-16 1.38689e-17 39 8.79472e-11 0.183594 36.9379 137.527 20050115T175632 6 1.87262e-09 -5.15109e-07 -5.85656e-08 -7.01649e-16 0.000751068 -0.000745318 5.30629e-13 0.00310907 -3.01974e-14 1.25008e-21 1.95255e-16 3.33576e-18 1.95606e-16 6.60441e-16 -4.00709e-17 1.29226e-15 -9.11665e-16 -1.73409e-16
20050115T115128 0 27.2435 44.0618 172.296 0.0984534 0.0482033 -10721.8 0.0076237 -7.24353 1.0433 6.23788e-16 1.82373e-17 39 2.04873e-12 0.192383 36.9379 137.527 20050115T175632 7 3.9192e-09 -1.1794e-06 1.02143e-06 -1.84037e-15 0.00122255 -0.0034645 6.7865e-13 0.0148611 -1.738e-13 2.25471e-21 1.15608e-16 4.93462e-18 1.15141e-16 7.60671e-16 -3.34892e-17 6.78081e-16 -6.66391e-16 -2.03157e-16
20050115T115128 1 28.2186 45.6392 173.514 0.132856 0.0746666 -23243.2 0.00933374 -8.2186 1.03245 -1.65478e-17 1.18959e-17 39 1.99633e-13 0.24707 36.9379 137.527 20050115T175632 12 5.20227e-09 -8.89929e-07 -2.36254e-06 -1.41919e-15 0.00124603 -0.00473076 1.26481e-12 0.0310781 -2.37077e-12 2.64881e-21 6.35081e-18 2.92249e-18 6.13724e-18 7.81024e-17 4.05454e-17 -1.33776e-17 -1.37126e-17 -1.41758e-18
20050115T174712 2 19.2556 44.0869 161.087 0.0745781 0.0415439 -6476.09 0.00483144 0.744429 1.10685 9.53301e-16 4.10166e-17 38 1.15061e-15 0.182617 36.9379 137.527 20050116T000000 11 3.59687e-09 -9.3984e-07 -5.25634e-07 -1.4607e-15 0.00200274 -0.00268876 9.32478e-13 0.00684869 -2.29973e-13 1.43006e-21 1.94854e-16 9.18282e-18 1.97018e-16 6.58628e-16 -6.95252e-17 1.30159e-15 -8.6989e-16 -1.27988e-16
20050115T174712 0 19.8137 44.3556 161.796 0.125649 0.0712124 -11179.9 0.000862208 0.186275 1.03163 2.24913e-17 3.98893e-17 38 2.40065e-15 0.245117 36.9379 137.527 20050116T000000 6 7.6e-09 -3.53073e-06 2.9457e-06 -3.60408e-15 0.00236143 -0.00310254 2.20616e-12 0.0071808 -2.16178e-12 2.82046e-21 3.29058e-17 8.716e-18 3.32482e-17 2.19653e-16 3.03316e-17 6.57015e-17 -4.73687e-17 5.61552e-17
20050115T174712 1 9.89244 41.2548 148.975 0.127031 0.07147 -1.18547e+07 0.00115931 0.107559 1.02909 -8.03191e-17 3.56373e-17 38 6.91006e-12 0.231445 36.9379 137.527 20050116T000000 10 1.17843e-08 -3.85153e-06 1.68478e-06 -2.56876e-15 0.00210009 -0.00106481 1.944e-12 0.000588245 -9.14951e-13 4.56355e-21 2.00068e-17 8.81201e-18 1.91995e-17 -2.7564e-17 1.26841e-16 7.0942e-17 -4.6427e-17 2.5525e-17
20050118T055544 2 123.441 19.6756 -38.9005 -0.00338066 0.0483315 -9186.58 0.00232509 -3.44077 1.01436 2.2614e-15 2.29362e-16 44 1.75598e-15 0.15918 36.938 137.533 20050118T120048 4 1.55268e-08 5.39399e-06 -2.15986e-05 5.09011e-15 0.00302139 -0.022458 7.50245e-13 0.523962 1.50659e-11 3.99089e-21 3.91625e-16 3.60865e-17 3.93989e-16 1.32015e-16 -4.70517e-16 2.60287e-15 -1.07322e-15 -3.59165e-18
20050118T055544 0 5.34349 42.2174 136.438 -0.0148185 0.0960374 3967.52 0.00838479 -0.343494 1.05342 -1.22528e-16 1.83167e-16 44 6.3323e-12 0.161133 36.938 137.533 20050118T120048 13 3.02449e-07 5.94982e-05 8.59737e-06 -1.89609e-13 0.0127039 0.00185935 -3.81244e-11 0.000277611 -5.46035e-12 1.4985e-19 1.22292e-17 3.44308e-17 1.92262e-17 1.27017e-16 -2.80497e-16 -1.0921e-16 -6.73612e-17 4.68871e-17
20050118T055544 1 138.282 4.64459 -37.6056 -0.0114098 0.0900264 -63760.7 0.00240993 11.7176 1.01837 -1.11477e-16 1.98297e-16 44 1.11275e-13 0.158203 36.938 137.533 20050118T120048 7 4.20696e-08 5.19211e-06 -4.52223e-05 1.61548e-14 0.00191054 -0.0118605 8.02261e-13 0.288632 -1.71432e-12 9.76055e-21 4.08814e-17 3.66067e-17 3.97301e-17 -9.04749e-17 2.62475e-16 2.49811e-17 -2.03165e-16 -4.55798e-17
20050118T115128 2 109.241 33.8501 -37.4683 -0.00359983 0.0469866 -4952.31 0.00332277 10.759 1.04186 1.51668e-15 1.2736e-16 48 2.28384e-15 0.163086 36.938 137.533 20050118T175632 5 1.15593e-08 4.10047e-06 -2.39542e-05 2.95567e-15 0.00236698 -0.0254986 2.54472e-13 0.764756 2.33091e-11 3.84362e-21 2.76407e-16 1.80511e-17 2.77465e-16 1.54707e-16 -8.74588e-17 1.83306e-15 -6.38989e-16 -1.53558e-16
20050118T115128 0 36.9673 73.1899 123.396 -0.010838 0.0912721 224244 0.00223529 3.03274 1.01011 9.8773e-17 1.14068e-16 48 2.32491e-10 0.161133 36.938 137.533 20050118T175632 4 2.26525e-08 3.63662e-06 -1.32032e-05 7.39454e-15 0.00121055 -0.00313272 3.66109e-13 0.169226 1.5158e-11 8.02404e-21 3.24356e-17 1.89358e-17 3.22054e-17 2.12764e-16 -2.61649e-16 -8.49275e-17 -7.07652e-17 9.37994e-18
20050118T115128 1 151.896 -8.84657 -40.1652 -0.00725584 0.0870858 -24447.7 0.00339629 -6.89634 1.01979 1.13029e-17 1.19538e-16 48 2.00876e-10 0.169922 36.938 137.533 20050118T175632 5 4.64984e-08 1.30705e-05 -3.23648e-05 1.39006e-14 0.006329 -0.0241288 1.41257e-12 0.136242 5.84953e-12 8.29498e-21 3.26608e-17 2.06407e-17 3.36741e-17 -4.3071e-17 2.22466e-16 1.03537e-16 -1.10776e-16 -3.84764e-18
20050118T174712 2 118.334 24.7227 -37.5786 -0.00397455 0.0452481 4883.45 0.00105504 -38.3343 1.00703 1.0964e-15 8.54228e-17 36 2.33022e-12 0.166992 36.938 137.533 20050119T000000 4 1.65669e-08 4.96602e-06 -1.88421e-05 6.25782e-15 0.00468442 -0.0597649 -1.53342e-12 1.36095 6.45201e-11 9.91233e-21 1.68926e-16 1.49437e-17 1.70531e-16 8.00483e-17 5.33912e-17 1.12661e-15 -3.78147e-16 -6.08847e-17
20050118T174712 0 119.593 23.6047 -40.5223 -0.00309523 0.0869451 -37159 0.00837919 10.4073 1.02974 -5.36246e-17 7.66448e-17 36 3.76022e-15 0.166992 36.938 137.533 20050119T000000 11 7.20172e-08 1.55956e-05 -0.000170373 2.30269e-14 0.00620807 -0.0794536 2.46751e-12 2.31695 2.38606e-12 1.16223e-20 2.08508e-17 1.47632e-17 1.91666e-17 1.26623e-16 -1.03651e-16 -7.34067e-17 7.80533e-17 4.02741e-18
20050118T174712 1 28.021 63.7801 124.359 -0.0192322 0.08729 5795.47 0.0120109 -3.02101 1.0501 -1.2503e-16 7.96048e-17 36 3.28718e-15 0.167969 36.938 137.533 20050119T000000 12 3.71525e-08 5.85897e-06 1.32655e-06 1.64338e-14 0.0015571 0.00130985 2.2443e-12 0.0327405 1.12303e-11 1.57003e-20 1.36868e-17 1.61453e-17 1.33355e-17 -8.48104e-18 8.81002e-17 -3.72105e-18 -1.72726e-17 -1.06358e-17
20050119T000000 2 25.2303 42.5443 169.662 0.0927817 0.0390424 -8851.34 0.00294188 4.76974 1.05536 7.70269e-16 5.07312e-17 34 7.26894e-15 0.196289 36.9535 137.553 20050119T060504 8 4.60697e-09 -9.73298e-07 -1.13312e-06 -1.51689e-15 0.00159716 -0.00393701 1.58597e-12 0.0172463 -2.48718e-12 3.8285e-21 1.67193e-16 1.09373e-17 1.67476e-16 1.03253e-15 -8.87634e-17 1.10642e-15 -1.04551e-15 -1.52076e-16
20050119T000000 0 22.5863 42.826 166.046 0.0941841 0.0418087 12553 0.00526224 72.4137 1.08793 8.0843e-16 4.33448e-17 34 1.1609e-12 0.195312 36.9535 137.553 20050119T060504 7 4.71706e-09 -1.25282e-06 -1.27523e-06 -2.30035e-15 0.00101678 -0.00164821 7.35229e-13 0.010983 6.57183e-13 2.39562e-21 1.68641e-16 1.12312e-17 1.71539e-16 1.13327e-15 -1.17143e-16 8.41287e-16 -9.58893e-16 -1.06925e-16
20050119T055544 2 12.1309 39.9747 152.53 0.0961614 0.0330841 -6120.89 0.0092624 12.8691 1.11665 7.64268e-16 4.1467e-17 44 4.49826e-13 0.194336 36.9535 137.553 20050119T120048 11 4.20692e-09 -5.91315e-07 1.16853e-08 -1.83616e-15 0.00061493 -0.000425638 4.50461e-13 0.00048947 -1.68015e-13 2.11709e-21 1.7334e-16 7.48631e-18 1.73446e-16 8.48865e-16 -5.5533e-17 1.14587e-15 -1.04696e-15 -2.39091e-16
20050119T055544 0 125.638 -3.61413 -89.7108 0.0923741 0.0453777 -5717.55 0.00265288 -30.6381 1.05475 7.73343e-16 3.58155e-17 44 6.8226e-16 0.195312 36.9535 137.553 20050119T120048 9 6.2138e-09 -1.84147e-06 -3.23077e-05 -3.70042e-15 0.00131239 -0.000917131 1.44626e-12 0.667443 2.56673e-11 3.93659e-21 1.42775e-16 9.47794e-18 1.43442e-16 9.47644e-16 -6.81799e-17 9.53578e-16 -9.85637e-16 -2.24723e-16
20050119T115128 2 16.8154 40.6768 158.587 0.0961031 0.0335578 -5175.52 0.00653596 -1.81542 1.05539 7.30959e-16 4.1602e-17 23 2.10261e-14 0.192383 36.9535 137.553 20050119T175632 16 1.11777e-08 -9.22043e-07 -5.28766e-06 -5.41467e-15 0.000997414 -0.0012037 8.52484e-13 0.00723529 1.66085e-12 4.24878e-21 1.73681e-16 1.06583e-17 1.73275e-16 9.14951e-16 9.48083e-18 1.14473e-15 -1.08762e-15 -2.15129e-16
20050119T115128 0 15.7284 41.0735 157.075 0.0954476 0.0369806 -5316.58 0.00305236 -0.7284 1.09708 7.34661e-16 4.15503e-17 23 4.62563e-16 0.196289 36.9535 137.553 20050119T175632 16 8.26597e-09 -1.8223e-06 6.43357e-07 -4.44687e-15 0.00111421 -0.000974347 1.40281e-12 0.00159423 -5.42772e-13 4.42332e-21 1.66496e-16 1.32425e-17 1.65714e-16 1.09478e-15 5.70946e-17 1.06683e-15 -1.08784e-15 -3.29156e-16
20050120T055544 2 114.854 28.2439 -38.0924 -0.00348457 0.0472507 -7270.4 0.00313929 0.14597 1.01777 1.19004e-15 1.27725e-16 42 4.18013e-14 0.201172 36.9468 137.544 20050120T120048 5 2.23252e-08 7.64856e-06 -4.68917e-05 4.84018e-15 0.00418417 -0.0453282 3.68807e-13 1.1567 3.42122e-11 5.37965e-21 2.05192e-16 2.45139e-17 2.0381e-16 2.68444e-16 -1.04019e-16 1.34646e-15 -3.66334e-16 2.27969e-16
20050120T055544 0 68.8798 73.5949 -23.8684 -0.00867149 0.0892367 -20169.4 0.000831007 6.12024 1.00343 2.18785e-16 1.28463e-16 42 6.36168e-15 0.200195 36.9468 137.544 20050120T120048 5 3.92855e-08 7.31043e-06 -9.12848e-05 1.25393e-15 0.00187869 -0.0229694 -1.16576e-12 0.585839 3.74671e-11 9.00676e-21 5.53722e-17 2.50513e-17 5.02334e-17 3.31864e-16 3.27304e-17 2.84974e-16 -5.3916e-17 3.09269e-16
20050120T055544 1 10.8148 47.7533 136.865 -0.00357984 0.0839202 -2729.28 0.00814509 4.18524 1.04419 3.75848e-17 1.37569e-16 42 1.81438e-13 0.196289 36.9468 137.544 20050120T120048 7 2.76086e-08 7.07984e-06 2.17389e-06 4.27315e-15 0.0025055 0.00113907 1.28142e-12 0.00154663 1.92946e-12 6.74925e-21 6.99707e-17 2.83182e-17 6.95267e-17 -1.6744e-16 4.59324e-16 2.41065e-16 1.30386e-16 2.73846e-16
20050122T000000 2 17.1053 43.3979 158.308 0.0753444 0.0409983 395403 0.00105604 2.89473 1.02224 1.78314e-15 1.05316e-16 18 1.30379e-14 0.195312 36.9551 137.555 20050122T060504 6 4.31434e-09 -1.67824e-06 -4.48126e-07 -2.41093e-15 0.00217116 -0.0016503 2.46941e-12 0.00738337 -1.86118e-14 4.96802e-21 2.94374e-16 3.15628e-17 2.96046e-16 1.04814e-15 -2.2099e-17 1.95581e-15 -1.25404e-15 -2.4925e-16
20050122T000000 0 163.562 -28.1848 -59.3775 0.13608 0.0706272 200139 0.00174639 -3.56217 1.02383 3.19623e-16 1.24652e-16 18 6.58843e-13 0.194336 36.9551 137.555 20050122T060504 5 5.93039e-09 -1.58316e-06 -2.73202e-06 -8.0327e-16 0.000823559 0.000502538 7.57454e-13 0.0126613 1.66187e-12 1.99469e-21 9.82028e-17 3.379e-17 9.88841e-17 6.53273e-16 1.95467e-16 3.29052e-17 1.0038e-16 9.86185e-17
20050122T000000 1 163.531 -27.9961 -59.2589 0.135014 0.0723304 -40067.7 0.000330662 -3.53149 1.00959 3.4014e-16 1.08081e-16 18 3.83764e-15 0.22168 36.9551 137.555 20050122T060504 5 7.52518e-09 -2.13708e-06 -3.40791e-06 -2.73349e-16 0.00121352 0.00139101 6.48296e-13 0.0218317 5.27285e-13 2.61868e-21 6.63402e-17 3.46708e-17 6.54984e-17 1.27166e-16 4.32712e-16 2.09816e-16 1.48057e-16 -2.12079e-17
20050122T055544 2 20.0512 43.8937 162.317 0.0748918 0.0397383 317164 0.000283148 -0.0511882 1.00163 1.50583e-15 9.06971e-17 40 1.4095e-14 0.192383 36.9551 137.555 20050122T120048 4 2.79851e-09 -7.52427e-07 -7.3326e-07 -1.11266e-15 0.00168845 -0.00245353 1.48692e-12 0.00871857 1.16422e-13 4.06107e-21 2.67439e-16 1.84061e-17 2.68259e-16 1.16944e-15 -6.69022e-17 1.77224e-15 -1.05198e-15 -2.65449e-16
20050122T055544 0 4.69616 39.1546 142.809 0.133249 0.0753804 78093.2 0.00380701 0.303836 1.03323 1.39643e-16 1.13212e-16 40 5.19718e-10 0.214844 36.9551 137.555 20050122T120048 9 1.83586e-08 -2.36975e-06 3.47319e-07 -9.94389e-15 0.000463123 -7.26448e-05 1.71895e-12 1.21643e-05 -2.62238e-13 1.38763e-20 5.7678e-17 2.68537e-17 5.83188e-17 3.8528e-16 2.03561e-16 -1.10774e-16 4.05942e-17 -7.61556e-17
20050122T055544 1 126.452 -2.50547 -87.4552 0.132172 0.0735314 59070.9 0.00321617 -1.45237 1.02195 1.64668e-16 1.06678e-16 40 1.23318e-10 0.209961 36.9551 137.555 20050122T120048 6 8.03652e-09 -1.66277e-06 9.02541e-06 1.19433e-15 0.00123166 -0.00570126 1.3342e-12 0.296606 1.77007e-11 5.87533e-21 6.29981e-17 2.53741e-17 6.00208e-17 2.83137e-16 3.96525e-16 8.05018e-17 -1.3632e-17 1.76295e-18
20050122T115128 2 17.8422 44.1541 159.072 0.0740709 0.0435934 -8831.61 0.00430703 2.15778 1.06866 1.30291e-15 6.27061e-17 48 2.66937e-16 0.186523 36.9551 137.555 20050122T175632 7 3.73005e-09 -1.01154e-06 -6.64757e-07 -1.65184e-15 0.00107434 -0.001163 7.03197e-13 0.00365933 7.38352e-14 1.47318e-21 2.78472e-16 1.73419e-17 2.77582e-16 9.78278e-16 -3.52752e-18 1.83383e-15 -1.17745e-15 -1.37133e-16
20050122T115128 0 130.549 -3.86971 -82.9379 0.12546 0.07859 -14486 0.00246963 4.45117 1.04075 6.99898e-17 8.57004e-17 48 2.09837e-14 0.209961 36.9551 137.555 20050122T175632 11 8.35827e-09 -3.39837e-06 1.78785e-05 -2.13574e-15 0.00245673 -0.0184832 2.21127e-12 0.290552 -9.38642e-12 3.7893e-21 4.77006e-17 1.70042e-17 4.79647e-17 3.16877e-16 8.83177e-17 -6.27911e-17 2.16072e-17 -7.9341e-17
20050122T115128 1 158.623 -23.8924 -62.5448 0.126662 0.0792892 -26788.5 0.00183425 1.3774 1.01411 7.00162e-17 6.82772e-17 48 1.30602e-13 0.213867 36.9551 137.555 20050122T175632 6 4.14615e-08 -1.56069e-05 6.0401e-06 -6.24184e-15 0.00676598 -0.00266526 3.74088e-12 0.0663349 4.93432e-12 4.71253e-21 2.84812e-17 1.79048e-17 2.57871e-17 -2.62115e-17 1.70361e-16 4.00932e-19 3.84395e-17 -1.1136e-16
20050122T174712 2 21.9777 46.4004 164.249 0.0716812 0.0480472 -6866 0.00696078 23.0223 1.1134 8.88926e-16 3.98505e-17 38 1.88651e-13 0.188477 36.9551 137.555 20050123T000000 12 4.56753e-09 -1.17243e-06 -5.88849e-06 -1.59809e-15 0.00212831 -0.00604857 9.3677e-13 0.0477022 1.04772e-12 1.42652e-21 1.91958e-16 1.04845e-17 1.9201e-16 5.80047e-16 -2.56871e-17 1.2685e-15 -8.40858e-16 -1.24792e-16
20050122T174712 0 174.966 -33.7918 -47.6194 0.118395 0.0907324 25740.1 0.00157555 0.0335428 1.01965 2.92784e-17 4.90302e-17 38 5.04041e-11 0.214844 36.9551 137.555 20050123T000000 6 5.97356e-09 -4.00858e-08 1.50255e-08 1.94582e-15 0.00124875 0.000124495 1.51433e-12 2.3754e-05 9.43621e-14 3.61695e-21 3.3752e-17 1.07335e-17 3.24305e-17 2.1425e-16 -1.13816e-16 -5.8579e-18 -1.06974e-16 -7.68675e-17
20050122T174712 1 178.685 -35.7388 -43.2542 0.0712231 0.170371 694.302 0.0924932 -163.685 1.05424 -1.21778e-16 4.01565e-17 38 4.42605e-11 0.21875 36.9551 137.555 20050123T000000 20 2.93218e-08 4.64517e-07 -5.2985e-08 1.59322e-14 3.36834e-06 -7.20664e-07 2.28292e-13 7.92162e-08 -2.36564e-14 7.1028e-21 1.12508e-17 1.16759e-17 1.01161e-17 2.70171e-17 6.68315e-17 3.65269e-17 -8.26583e-17 1.68113e-17
20050123T000000 2 95.2581 23.1077 -106.34 0.0687922 0.0465237 -12471.7 0.00514444 4.74194 1.09662 1.22615e-15 3.01155e-17 38 4.39941e-15 0.180664 36.9551 137.555 20050123T060504 7 1.85008e-09 -4.71318e-07 -2.97446e-05 -8.96115e-16 0.00102471 -0.00432067 5.17325e-13 1.56502 1.38842e-11 7.91245e-22 2.25911e-16 8.34823e-18 2.27329e-16 6.98188e-16 -6.64914e-17 1.50184e-15 -1.013e-15 -1.17909e-16
20050123T000000 0 24.9352 45.9857 168.754 0.081885 0.0493147 -393686 0.00532166 65.0648 1.02992 7.37703e-16 3.39468e-17 38 6.31792e-15 0.18457 36.9551 137.555 20050123T060504 13 4.79663e-09 -2.58623e-06 3.44056e-06 -1.63051e-15 0.00297325 -0.00725778 1.52939e-12 0.036051 -1.57338e-12 2.10977e-21 1.22605e-16 9.01787e-18 1.23016e-16 8.12702e-16 -8.36397e-17 1.05776e-15 -8.71191e-16 -1.13829e-16
20050123T000000 1 174.765 -33.8432 -47.9939 0.12386 0.0863935 -12612.6 0.00775008 0.235342 1.02389 -9.61247e-17 3.08716e-17 38 8.8912e-13 0.226562 36.9551 137.555 20050123T060504 7 1.65794e-08 -4.25395e-06 -1.62329e-07 -2.86803e-15 0.00198739 0.000155427 8.68453e-13 2.38004e-05 -6.2931e-14 3.83259e-21 7.70104e-18 7.0144e-18 8.99848e-18 9.41652e-17 5.9448e-17 2.10704e-17 -7.95924e-17 -3.56637e-17
20050123T055544 2 22.6279 45.2328 165.611 0.0722001 0.0421041 -7237.3 0.0106858 117.372 1.21104 1.28514e-15 4.23122e-17 18 2.02549e-12 0.182617 36.9551 137.555 20050123T120048 7 3.07944e-09 -1.35791e-06 -1.09997e-06 -2.15147e-15 0.00146741 -0.00135246 1.46729e-12 0.0107891 7.47094e-14 2.57641e-21 2.73189e-16 1.24797e-17 2.72225e-16 6.49983e-16 -2.50682e-17 1.79844e-15 -1.15151e-15 -1.44794e-16
20050123T055544 2 19.5656 45.0512 161.219 0.0738542 0.0458367 -4535.6 0.00141877 5.4344 1.02975 1.15099e-15 4.23122e-17 18 9.85411e-16 0.182617 36.9551 137.555 20050123T120048 7 3.78925e-09 -1.10163e-06 -8.20099e-07 -1.51568e-15 0.00216937 -0.00263086 1.36436e-12 0.00762649 -1.41383e-12 2.21711e-21 2.26145e-16 1.12982e-17 2.27405e-16 8.10271e-16 2.86512e-17 1.50234e-15 -1.05317e-15 -1.81292e-16
20050123T055544 0 173.186 -32.581 -49.1737 0.10578 0.0826816 4275.33 0.0133959 1.81356 1.14591 6.37277e-17 4.84801e-17 18 6.74616e-13 0.234375 36.9551 137.555 20050123T120048 16 -9.7916e-10 2.80714e-07 1.008e-06 -3.06229e-15 0.000934551 0.00011424 7.46816e-13 0.000689425 -1.08508e-12 3.89226e-21 2.44124e-17 1.41968e-17 2.4623e-17 1.62671e-16 2.78607e-17 1.27001e-16 -9.26159e-17 -7.56988e-17
20050123T055544 1 5.54494 40.7443 142.742 0.100058 0.0988505 13947.5 0.0191141 4.45506 1.04309 -1.18e-16 4.40335e-17 18 3.09912e-10 0.232422 36.9551 137.555 20050123T120048 8 2.77979e-09 2.46626e-07 -3.52994e-07 1.6004e-15 0.000587692 -0.000127031 1.96432e-13 8.42033e-05 2.093e-14 -3.10511e-21 1.7022e-17 1.26666e-17 1.55291e-17 7.74804e-17 1.02592e-16 -3.77731e-17 -2.84116e-17 -4.74708e-18
20050124T115128 2 15.1955 43.7974 155.389 0.0640773 0.0404153 -217848 0.00101189 -0.195453 1.00529 5.04957e-16 2.67234e-17 25 2.11175e-15 0.18457 36.9632 137.565 20050124T175632 5 4.2984e-09 4.22439e-08 -2.35002e-06 -1.36318e-15 0.00609873 -0.00670656 2.40774e-12 0.0104526 -1.36928e-12 2.52782e-21 8.06592e-17 7.43037e-18 8.1689e-17 1.83576e-16 -9.48446e-17 5.39675e-16 -3.48799e-16 -3.68448e-17
20050124T115128 0 78.3914 30.9445 -123.691 0.120338 0.069569 -84289.8 0.00412974 -23.3914 1.01117 6.85198e-17 3.27774e-17 25 1.27877e-14 0.19043 36.9632 137.565 20050124T175632 5 1.21713e-08 -3.53384e-06 4.16676e-07 -3.14353e-15 0.00180516 -0.0213514 1.36659e-12 1.29812 1.95373e-11 3.6078e-21 1.83312e-17 7.80093e-18 1.82657e-17 1.20672e-16 -1.12167e-16 5.14277e-17 -7.93483e-17 -7.68931e-17
20050124T115128 1 26.2892 46.6577 170.586 0.112775 0.0706793 -20432.7 0.00442652 -1.28918 1.03695 -8.42128e-17 3.16335e-17 25 2.47154e-10 0.181641 36.9632 137.565 20050124T175632 14 2.88348e-08 -7.72646e-06 -1.89683e-05 -2.17944e-14 0.00410672 -0.003561 8.63848e-12 0.0761122 1.20627e-11 2.57175e-20 5.28081e-18 6.57294e-18 5.28815e-18 8.22178e-17 3.49359e-17 -2.05757e-17 -1.34646e-16 -4.51824e-17
20050124T174712 2 18.0608 44.5796 159.227 0.0655656 0.0404629 -19283.7 0.000730861 1.93917 1.01223 5.651e-16 1.52548e-17 46 5.94229e-11 0.196289 36.9632 137.565 20050125T000000 4 1.74515e-09 -3.85215e-07 -8.86661e-07 -7.74646e-16 0.00123465 -0.00176252 6.6368e-13 0.00647318 -2.4597e-13 1.01472e-21 1.07731e-16 4.2902e-18 1.07975e-16 2.59768e-16 -4.96398e-17 7.13331e-16 -4.69593e-16 -4.4989e-17
20050124T174712 2 110.535 32.6812 -42.5423 7.89454e-05 0.0469394 -5694.09 0.00194097 -5.53533 1.05983 1.51694e-16 1.52548e-17 46 9.77384e-13 0.168945 36.9632 137.565 20050125T000000 8 1.14188e-08 5.03708e-06 -1.6569e-05 3.55707e-15 0.00339407 -0.0321807 7.22239e-13 1.17857 2.15132e-11 2.76943e-21 3.72056e-17 4.07337e-18 3.80495e-17 5.81926e-17 8.25126e-18 2.51372e-16 -9.97805e-17 -1.488e-17
20050124T174712 0 34.8368 49.2889 -177.039 0.0637979 0.0452666 -13254.3 0.0054021 20.1632 1.05177 2.26238e-16 2.03689e-17 46 3.66323e-11 0.19043 36.9632 137.565 20050125T000000 9 3.04265e-09 -3.1539e-07 -1.45177e-05 -6.07233e-16 0.00197825 -0.0119922 1.35311e-12 0.325042 -3.20877e-12 1.8716e-21 4.72999e-17 4.33095e-18 4.7455e-17 3.13509e-16 -2.68157e-17 7.0255e-16 -5.0703e-16 -7.28949e-17
20050124T174712 1 20.9936 46.1006 162.915 0.112139 0.0749145 33769.7 0.00566762 4.00636 1.0232 -4.3969e-17 1.88658e-17 46 8.97572e-14 0.163086 36.9632 137.565 20050125T000000 8 1.81016e-08 -5.11868e-07 -5.3628e-06 7.01944e-15 0.00151946 -0.00332427 2.61922e-12 0.025647 1.20499e-11 4.33235e-20 7.8172e-19 3.93614e-18 2.83262e-19 3.2293e-17 1.87136e-18 4.6937e-18 -5.29825e-17 -4.26068e-17
20050124T174712 1 175.065 -32.0227 -42.4772 0.000517534 0.0764464 -6908.27 0.00458287 -0.0652966 1.03777 -1.84707e-17 1.88658e-17 46 4.31958e-15 0.176758 36.9632 137.565 20050125T000000 10 1.99399e-08 -1.4818e-07 -6.83463e-08 1.16622e-14 0.00160341 -0.000182615 2.26334e-13 2.52472e-05 -1.11827e-13 8.83869e-21 6.76897e-18 3.75946e-18 6.75676e-18 -1.19358e-17 4.46382e-17 1.13473e-17 -1.44976e-17 -2.59459e-17
20050125T000000 2 22.6816 46.6895 165.204 0.0649176 0.0439365 -16333.8 0.00106664 2.31841 1.03662 5.60726e-16 1.83942e-17 46 4.55197e-10 0.193359 36.9615 137.562 20050125T060504 8 1.49333e-09 -3.71915e-07 -1.62672e-06 -4.45993e-16 0.000777 -0.00141951 4.83559e-13 0.0162796 8.93969e-14 7.19172e-22 1.19136e-16 4.51114e-18 1.19782e-16 2.98255e-16 4.37623e-18 7.91336e-16 -4.99234e-16 -5.11519e-17
20050125T000000 2 117.058 26.1448 -41.716 -0.000560448 0.0443277 17825.4 0.000875254 7.94157 1.00917 2.39e-16 1.83942e-17 46 3.46925e-10 0.246094 36.9615 137.562 20050125T060504 4 1.14903e-08 3.85794e-06 -5.66067e-06 4.91399e-15 0.00337373 -0.025937 8.45451e-13 0.915348 2.34309e-11 3.98956e-21 4.42728e-17 4.37384e-18 4.47901e-17 2.12247e-17 2.27089e-18 2.95903e-16 -5.43931e-17 1.98352e-17
20050125T000000 0 48.6689 47.5244 -156.363 0.116687 0.0801753 -1.37278e+06 0.000882153 -13.6689 1.00535 4.9723e-17 2.3985e-17 46 1.46496e-13 0.242188 36.9615 137.562 20050125T060504 8 1.37989e-08 -2.34308e-06 -5.97552e-05 -4.64393e-15 0.00129722 -0.00104576 1.34684e-12 0.777119 2.93903e-11 3.73202e-21 1.31833e-17 5.67176e-18 1.35279e-17 8.93713e-17 1.91512e-19 8.11718e-18 1.11799e-17 1.05089e-17
20050125T000000 0 154.583 -11.5117 -43.6429 0.00369788 0.0782073 -10984.5 0.00463397 -9.58256 1.02449 7.06025e-18 2.3985e-17 46 1.30627e-10 0.25 36.9615 137.562 20050125T060504 4 2.50068e-08 6.45163e-06 -6.30509e-06 1.16686e-14 0.00273511 -0.00576971 2.62e-12 0.0490023 8.91805e-13 6.71385e-21 1.24936e-17 5.12957e-18 1.26535e-17 8.35945e-17 -4.39689e-17 -4.65875e-18 -2.24755e-17 3.01533e-17
20050125T000000 1 103.797 16.7155 -100.283 0.119119 0.0791093 -107233 0.00283998 -8.79673 1.00769 1.73179e-17 1.92307e-17 46 5.68595e-10 0.240234 36.9615 137.562 20050125T060504 4 6.70642e-09 -2.34176e-06 1.73983e-05 -4.91703e-16 0.00176857 -0.0176981 9.24584e-13 0.599096 1.78888e-12 1.79225e-21 6.3323e-18 4.25015e-18 6.38533e-18 2.23112e-17 4.21844e-17 1.1307e-17 -4.069e-18 -1.33964e-17
20050125T000000 1 175.094 -32.05 -42.3767 -0.000788406 0.0802126 12056.5 0.00111428 -0.0941556 1.01537 -3.53103e-17 1.92307e-17 46 1.32673e-12 0.24707 36.9615 137.562 20050125T060504 10 3.86248e-08 -3.97024e-06 -3.23073e-07 2.57988e-14 0.00409632 -0.000215945 -2.0809e-12 4.06196e-05 -4.31112e-13 2.13266e-20 1.07796e-17 5.8887e-18 1.05325e-17 -4.1788e-17 6.95825e-17 8.41343e-18 -2.08335e-18 1.99622e-17
20050125T055544 2 81.6624 32.731 -117.24 0.0635111 0.0442369 -41520.2 0.00167302 -41.6624 1.02955 5.57057e-16 3.28352e-17 26 1.14465e-14 0.200195 36.9615 137.562 20050125T120048 9 4.56452e-09 -1.43895e-06 -0.000115546 -1.31685e-15 0.00161468 0.0130647 1.09314e-12 5.40594 2.03124e-11 1.71944e-21 1.0572e-16 9.26035e-18 1.04451e-16 2.69847e-16 -1.37686e-17 6.90049e-16 -2.91267e-16 -7.71576e-17
20050125T055544 0 9.26767 42.0455 147.589 0.113774 0.0836553 32070.5 0.0041783 0.732327 1.01688 6.59791e-17 4.11271e-17 26 1.8825e-14 0.235352 36.9615 137.562 20050125T120048 6 6.61488e-09 -1.39339e-06 5.14722e-07 -1.23955e-15 0.00129412 -0.0006148 2.82818e-12 0.000335922 -1.28919e-12 8.72385e-21 2.95692e-17 9.00438e-18 3.00553e-17 1.98559e-16 8.82977e-17 -4.91133e-17 -1.25635e-17 -7.23415e-17
20050125T055544 1 9.59882 42.1027 148.056 0.114611 0.0820155 1.50832e+06 0.00259627 0.401179 1.00974 -1.15903e-16 3.71438e-17 26 5.44025e-11 0.232422 36.9615 137.562 20050125T120048 7 1.30017e-08 -1.21042e-06 2.46493e-07 5.25362e-15 0.000822871 -0.000354169 2.06048e-12 0.000211554 -8.47879e-13 1.82635e-20 1.66152e-17 1.07812e-17 1.64055e-17 1.80758e-16 1.08382e-16 -4.63279e-17 -2.84309e-18 -5.86908e-17
20050125T115128 2 24.8862 48.5752 167.798 0.0645706 0.049355 -17068.8 0.00461591 70.1138 1.09558 4.56896e-16 2.35013e-17 47 6.78264e-11 0.216797 36.9615 137.562 20050125T175632 7 2.42451e-09 -4.1206e-07 -5.41305e-06 -8.63703e-16 0.00126386 -0.00244039 9.76364e-13 0.0360519 1.44481e-12 1.67448e-21 9.27511e-17 5.94995e-18 9.22185e-17 2.47956e-16 4.58769e-18 6.09237e-16 -3.98581e-16 -4.40763e-17
20050125T115128 0 131.196 0.297642 -76.8911 0.105 0.0935078 25947.1 0.00461549 8.80443 1.03288 5.23916e-17 3.433e-17 47 3.67432e-12 0.238281 36.9615 137.562 20050125T175632 9 5.52428e-09 -1.27041e-06 -6.09753e-06 6.50964e-16 0.0013495 -0.000753789 1.07645e-12 0.415355 9.87425e-12 2.45656e-21 2.36567e-17 7.73217e-18 2.29366e-17 1.51529e-16 -1.28807e-17 -1.13084e-18 -1.29257e-17 -4.11013e-18
20050125T115128 1 165.119 -26.4946 -55.2583 0.104994 0.0914706 -51642.8 0.00334613 -5.1194 1.0154 -4.67274e-17 2.6285e-17 47 9.60312e-13 0.208984 36.9615 137.562 20050125T175632 5 5.40963e-09 3.11933e-07 1.12219e-06 2.33352e-15 0.00207229 0.00496638 1.70293e-12 0.0262265 2.60777e-12 2.96702e-21 1.53962e-17 8.3636e-18 1.58926e-17 9.55108e-18 1.04994e-16 3.83916e-18 -4.33426e-17 -3.63845e-17
20050125T174712 2 23.6077 40.135 167.521 0.0973662 0.0297255 -10202.9 0.00238208 21.3923 1.03019 5.38908e-16 2.25095e-17 46 8.51981e-11 0.199219 36.9615 137.562 20050126T000000 5 4.99785e-09 -8.82257e-07 -1.00306e-06 -2.69222e-15 0.000789082 -0.00170407 5.16405e-13 0.00803917 6.53758e-13 2.13552e-21 9.72575e-17 5.33682e-18 9.74163e-17 5.19714e-16 -1.73914e-18 6.43576e-16 -5.98919e-16 -1.16954e-16
20050125T174712 2 18.5292 46.5726 158.874 0.0642527 0.050037 -20195.7 0.00653579 1.47083 1.06331 4.47879e-16 2.25095e-17 46 3.33506e-15 0.209961 36.9615 137.562 20050126T000000 9 2.54899e-09 -7.43788e-07 -2.47633e-06 -1.27891e-15 0.00198415 -0.002286 1.26146e-12 0.0166418 5.25473e-13 1.68356e-21 8.64207e-17 5.33518e-18 8.62449e-17 2.46973e-16 3.32774e-19 5.69773e-16 -3.51788e-16 -1.23623e-17
20050125T174712 0 121.213 -4.36418 -96.4017 0.0948967 0.0347193 -19339.9 0.000299081 13.7869 1.01031 4.64109e-16 2.86256e-17 46 1.64993e-14 0.197266 36.9615 137.562 20050126T000000 5 4.0026e-09 -1.05336e-06 -2.16491e-05 -2.23532e-15 0.00092547 -0.000139536 7.85289e-13 0.457202 1.76692e-11 2.2383e-21 8.50283e-17 5.82093e-18 8.56134e-17 5.65601e-16 3.00894e-17 5.95948e-16 -5.85042e-16 -8.24602e-17
20050125T174712 1 21.9421 48.9349 162.865 0.110201 0.0959859 -8107 0.00373233 -1.94208 1.01418 -5.46014e-17 2.18326e-17 46 7.0129e-13 0.228516 36.9615 137.562 20050126T000000 10 2.30624e-09 8.16825e-08 -1.96623e-06 3.3159e-16 0.00138776 -0.00452081 9.2736e-13 0.0230311 3.91843e-13 5.02735e-21 7.68069e-18 5.82583e-18 8.2578e-18 2.66464e-17 5.45548e-17 2.35004e-17 -2.91677e-17 -5.28377e-17
20050126T000000 2 53.7074 40.2435 -152.173 0.0906999 0.0456047 -9630.02 0.00719772 86.2926 1.15609 7.98685e-16 2.21813e-17 33 2.77824e-10 0.193359 36.9554 137.552 20050126T060504 7 2.8801e-09 -7.24462e-07 -1.17097e-05 -1.56853e-15 0.000680643 -0.0020046 5.74772e-13 0.233918 5.62878e-12 1.3015e-21 1.71543e-16 6.75277e-18 1.72307e-16 9.46895e-16 -9.64662e-18 1.13834e-15 -1.0566e-15 -1.84547e-16
20050126T000000 0 24.4106 43.1796 168.501 0.0922791 0.041932 -9540.33 0.00382191 50.5894 1.04169 7.4356e-16 2.69983e-17 33 6.01904e-15 0.193359 36.9554 137.552 20050126T060504 9 3.49827e-09 -6.9222e-07 -1.77164e-06 -1.999e-15 0.000766991 -0.00121957 5.25095e-13 0.0113613 1.00624e-12 1.66431e-21 1.55447e-16 7.29228e-18 1.55934e-16 1.03017e-15 -2.48941e-18 1.07428e-15 -1.05806e-15 -1.94765e-16
20050126T055544 2 69.14 33.6595 -134.707 0.0888063 0.0452378 -5139.38 0.00609648 35.86 1.08586 7.22713e-16 2.3031e-17 41 6.76124e-16 0.195312 36.9554 137.552 20050126T120048 10 4.13503e-09 -5.27998e-07 -2.39309e-05 -1.61506e-15 0.000631595 -0.00489568 6.16711e-13 0.442882 7.10401e-12 1.92553e-21 1.36365e-16 5.83105e-18 1.36626e-16 6.39764e-16 -2.30827e-17 9.02615e-16 -7.70742e-16 -2.27379e-16
20050126T055544 0 61.4319 36.698 -143.407 0.0940983 0.0461543 20728.4 0.00146473 -1.4319 1.01116 7.32902e-16 2.68663e-17 41 3.86271e-11 0.195312 36.9554 137.552 20050126T120048 5 5.79731e-09 -1.83394e-06 -4.29675e-06 -2.39631e-15 0.00100651 -0.00545766 7.14125e-13 0.27495 6.3986e-12 1.72096e-21 1.31857e-16 6.5441e-18 1.31324e-16 8.67588e-16 -2.62866e-17 7.57586e-16 -8.15334e-16 -1.74344e-16
20050126T115128 2 15.599 41.7271 156.746 0.0784125 0.0344464 -11087.8 0.00168128 -0.599038 1.03161 7.08067e-16 2.6182e-17 46 8.92481e-13 0.195312 36.9554 137.552 20050126T175632 8 1.03813e-08 -2.98968e-06 -3.93882e-06 -5.46469e-15 0.00161246 0.000183648 1.76275e-12 0.00458 2.30113e-12 3.6943e-21 1.24348e-16 6.64353e-18 1.25096e-16 3.98444e-16 -5.61771e-17 8.26441e-16 -5.99513e-16 -1.76469e-16
20050126T115128 2 113.327 5.65809 -97.8716 0.0949475 0.0487961 -5619.34 0.00120506 -38.3273 1.0166 6.07302e-16 2.6182e-17 46 1.43607e-11 0.195312 36.9554 137.552 20050126T175632 6 4.81276e-09 -1.00389e-06 -3.27055e-05 -2.30318e-15 0.000816539 -0.00024504 6.66284e-13 0.745189 2.19676e-11 2.28575e-21 9.6964e-17 6.78479e-18 9.82925e-17 4.73367e-16 -3.77119e-17 6.49364e-16 -5.84434e-16 -1.67026e-16
20050126T115128 0 19.4633 42.4044 161.854 0.143398 0.0631916 14038 0.000631293 0.536712 1.00878 6.63982e-17 3.4762e-17 46 4.51866e-10 0.248047 36.9554 137.552 20050126T175632 6 7.50414e-09 -7.4906e-07 -9.3569e-07 -1.36386e-15 0.000734529 -0.00118591 8.99536e-13 0.00335503 -9.29433e-13 3.13075e-21 3.20289e-17 6.43802e-18 3.22025e-17 2.12744e-16 4.33267e-18 -3.06074e-18 -7.34624e-18 1.65099e-17
20050126T115128 1 19.1696 42.4508 161.444 0.14315 0.0638968 -254639 0.00123575 0.830409 1.00327 -5.08855e-17 2.82789e-17 46 6.33963e-11 0.236328 36.9554 137.552 20050126T175632 4 2.08297e-08 -4.17524e-06 -3.78286e-06 -1.29446e-14 0.00157818 -0.000869383 2.92245e-12 0.00529508 2.02971e-12 1.00501e-20 3.1827e-18 6.86839e-18 3.96367e-18 1.50575e-16 2.61858e-17 6.47417e-18 8.7806e-18 -2.47266e-17
20050127T000000 2 26.1475 45.2907 170.642 0.072031 0.0399393 -12668.2 0.00203187 -1.14753 1.04851 6.5629e-16 1.9453e-17 42 7.07734e-15 0.194336 36.9573 137.549 20050127T060504 6 2.35603e-09 -1.15937e-06 1.60911e-06 -1.20023e-15 0.001605 -0.00307369 7.78548e-13 0.030655 -9.80618e-13 1.05459e-21 1.16511e-16 5.72079e-18 1.17098e-16 3.60566e-16 -2.98163e-17 7.73601e-16 -5.23458e-16 -6.52713e-17
20050127T000000 2 26.1475 45.2907 170.642 0.072031 0.0399393 -12668.2 0.00937561 18.8525 1.18322 4.89449e-16 1.9453e-17 42 5.21871e-11 0.194336 36.9573 137.549 20050127T060504 13 2.35603e-09 -1.15937e-06 1.60911e-06 -1.20023e-15 0.001605 -0.00307369 7.78548e-13 0.030655 -9.80618e-13 1.05459e-21 1.16511e-16 5.72079e-18 1.17098e-16 3.60566e-16 -2.98163e-17 7.73601e-16 -5.23458e-16 -6.52713e-17
20050127T000000 0 25.3282 44.7391 169.571 0.128206 0.0680281 126786 0.00454327 -5.32819 1.02825 -3.9767e-18 2.81793e-17 42 5.30976e-16 0.192383 36.9573 137.549 20050127T060504 8 1.04869e-08 -1.87674e-06 -1.68057e-07 -7.19582e-16 0.00123824 -0.00224254 1.08552e-12 0.0108275 -1.71609e-14 3.38768e-21 1.10186e-17 5.35002e-18 1.0596e-17 7.00017e-17 -3.13424e-17 4.72614e-17 -4.18774e-17 -4.25909e-17
20050127T000000 1 128.308 -3.57478 -85.8954 0.125912 0.0714228 -44813.7 0.000583853 11.6919 1.00755 -6.76974e-18 2.15815e-17 42 4.99156e-15 0.245117 36.9573 137.549 20050127T060504 7 6.10075e-09 -9.36593e-07 -7.80816e-06 7.21108e-16 0.00133434 -0.0056636 1.11467e-12 0.327623 2.7505e-12 2.40245e-21 8.06731e-19 4.85401e-18 7.47667e-19 -2.30212e-17 4.93943e-18 1.6208e-17 -1.48946e-17 -1.33323e-17
20050127T055544 2 13.8032 42.5797 153.94 0.0723324 0.0402284 -10652.3 0.0023436 6.19677 1.03697 4.80469e-16 1.76355e-17 31 1.50773e-14 0.189453 36.9573 137.549 20050127T120048 13 4.83836e-09 -1.27722e-06 -3.6715e-07 -2.78664e-15 0.00193226 -0.00193839 9.18375e-13 0.00322894 8.98525e-14 2.18117e-21 8.78915e-17 4.1594e-18 8.86491e-17 2.80841e-16 -6.51372e-17 5.85656e-16 -3.78811e-16 -4.74219e-17
20050127T055544 2 151.09 -31.3565 -77.2958 0.0983981 0.00154657 -8849.36 0.00222662 3.9101 1.02081 3.22064e-16 1.76355e-17 31 5.81445e-11 0.186523 36.9573 137.549 20050127T120048 4 1.03513e-08 -2.80298e-06 6.66294e-06 -2.43497e-15 0.00104025 -0.00319329 2.95861e-13 0.017221 2.90795e-12 4.65215e-21 6.07113e-17 4.75685e-18 6.13732e-17 2.77603e-16 1.96295e-17 4.05459e-16 -2.60156e-16 -1.52171e-16
20050127T055544 0 175.035 -33.6649 -47.3656 0.0956048 0.0805963 6710.63 0.0315874 -0.034574 1.0765 -8.22745e-19 2.44195e-17 31 7.12005e-13 0.248047 36.9573 137.549 20050127T120048 8 2.59805e-09 -3.4743e-08 6.79322e-08 9.62573e-17 0.000880274 7.20866e-05 9.37845e-13 2.1091e-05 2.21702e-14 1.99758e-21 2.12439e-17 5.17867e-18 2.05562e-17 1.35804e-16 -2.51114e-17 6.07236e-17 -1.25225e-16 -4.39906e-17
20050127T115128 2 22.6194 46.0159 165.346 0.0685591 0.0434001 -14921.6 0.00390215 2.38064 1.06349 4.93634e-16 1.72487e-17 19 2.43701e-12 0.195312 36.9573 137.549 20050127T175632 6 3.55194e-09 -1.7692e-06 -4.11988e-07 -1.70115e-15 0.00271274 -0.00426745 1.35105e-12 0.0262989 -1.06097e-12 1.59661e-21 8.62275e-17 5.68181e-18 8.67769e-17 2.41326e-16 -3.0382e-17 5.73288e-16 -3.5081e-16 -7.48441e-17
20050127T115128 2 74.9124 10.5102 -143.734 0.0912415 0.00303243 -37003.8 0.00482928 20.0876 1.01552 3.95023e-16 1.72487e-17 19 3.82028e-15 0.192383 36.9573 137.549 20050127T175632 8 5.3804e-08 -1.13568e-05 5.32225e-05 -1.00498e-14 0.00313904 -0.0228963 1.21351e-12 0.349197 1.36774e-11 5.64724e-21 6.1171e-17 4.87119e-18 6.10087e-17 3.11998e-16 -7.33817e-17 4.03051e-16 -3.13052e-16 -9.11147e-17
20050127T115128 2 100.9 -2.06809 -120.626 0.0813437 0.00806119 65274.8 0.00235891 -10.8998 1.01558 3.2305e-16 1.72487e-17 19 7.00833e-11 0.193359 36.9573 137.549 20050127T175632 4 1.79218e-08 -5.48369e-06 1.05373e-05 -6.8146e-15 0.00249216 -0.0116478 1.27145e-12 0.541624 6.72319e-12 4.73131e-21 5.04372e-17 5.01871e-18 5.02777e-17 1.72834e-16 -4.56263e-17 3.32157e-16 -2.3492e-16 -5.43921e-17
20050127T115128 0 12.5818 43.6615 151.507 0.114088 0.0844137 -41857.1 0.00448689 7.41822 1.05817 2.1082e-17 2.34132e-17 19 9.73679e-11 0.24707 36.9573 137.549 20050127T175632 9 7.17309e-09 -1.08537e-06 7.38553e-08 -1.64165e-15 0.00120209 -0.000973279 1.82384e-12 0.00119985 -9.04739e-13 4.92765e-21 1.42505e-17 5.25499e-18 1.37454e-17 9.08082e-17 -4.12428e-17 -4.47546e-17 1.88081e-17 -2.51493e-17
20050127T115128 1 1.4561 38.1221 138.649 0.0888278 0.11957 264.381 0.0477631 3.5439 1.17819 -5.58355e-17 1.83466e-17 19 6.11238e-13 0.248047 36.9573 137.549 20050127T175632 11 -1.1754e-09 -1.12911e-07 4.80035e-09 -1.43097e-14 -1.6847e-06 1.63227e-08 -2.24671e-13 3.0958e-09 9.57371e-15 -1.58778e-20 7.11974e-19 5.44136e-18 6.5012e-19 -4.77191e-17 4.29499e-18 1.29441e-17 1.90109e-17 4.65364e-19
20050127T174712 2 45.5386 9.26422 97.5708 -0.0607985 -0.0310554 -11694.2 0.00132341 -0.538583 1.30077 7.83142e-16 1.73354e-17 11 6.46865e-11 0.164062 36.9573 137.549 20050128T000000 9 8.81517e-10 -5.68835e-07 6.08707e-06 4.04481e-16 0.000739074 0.000953906 -3.37251e-13 0.24069 4.1672e-12 4.04325e-22 2.33198e-16 6.57577e-18 2.34367e-16 3.58516e-16 -1.05505e-17 1.54833e-15 -7.96618e-16 -1.5451e-16
20050127T174712 2 27.1859 33.6987 170.691 0.0858298 0.00467518 -7962.25 0.000891089 47.8141 1.07395 4.55e-16 1.73354e-17 11 9.03764e-12 0.192383 36.9573 137.549 20050128T000000 16 2.3279e-08 -1.32094e-06 -4.16723e-06 -9.95158e-15 0.00128146 -0.00312404 1.17324e-13 0.0149829 4.18867e-12 6.14919e-21 8.11115e-17 5.60059e-18 8.03108e-17 2.68503e-16 -1.15145e-17 5.30569e-16 -3.69866e-16 -6.26062e-17
20050127T174712 2 22.7094 46.7221 165.216 0.0665953 0.0452041 -20472.6 0.00160827 7.29058 1.04209 4.17124e-16 1.73354e-17 11 5.39178e-12 0.198242 36.9573 137.549 20050128T000000 6 4.20372e-09 -1.9843e-06 -3.51174e-07 -1.45392e-15 0.00342366 -0.0096961 1.54991e-12 0.0532095 -1.94211e-12 1.57938e-21 7.03846e-17 5.60798e-18 7.04025e-17 2.22216e-16 -3.21182e-17 4.65111e-16 -3.26604e-16 -4.38781e-17
20050127T174712 2 63.0452 -1.31963 83.4309 -0.074971 -0.0340491 -3484.39 0.000951318 71.9548 1.09919 3.04761e-16 1.73354e-17 11 2.85471e-15 0.124023 36.9573 137.549 20050128T000000 6 3.48013e-09 -1.33782e-06 1.44713e-05 1.22666e-15 0.00116725 0.00331497 -4.79912e-13 0.644419 1.20095e-11 9.88083e-22 8.08628e-17 4.85705e-18 8.15418e-17 1.64077e-16 -2.70284e-18 5.38702e-16 -3.29025e-16 -6.54979e-17
20050127T174712 0 50.3253 6.76259 93.3069 -0.0623351 -0.0298071 -18348.3 0.00267187 59.6747 1.2273 1.91449e-16 2.04058e-17 11 7.17689e-11 0.15918 36.9573 137.549 20050128T000000 8 2.78003e-09 -1.82537e-06 1.03491e-05 1.28255e-15 0.00224711 0.00803493 -9.53746e-13 0.547047 1.11586e-11 1.30784e-21 5.67831e-17 4.85592e-18 5.64253e-17 3.72771e-16 3.30573e-19 1.48562e-15 -7.80782e-16 -1.45671e-16
20050127T174712 0 5.73377 36.0537 144.571 0.176839 -0.0215697 115268 0.0387658 149.266 1.17982 2.73269e-17 2.04058e-17 11 7.63067e-12 0.25 36.9573 137.549 20050128T000000 12 2.57031e-08 3.0711e-07 6.50014e-08 -2.40299e-14 -0.000878446 0.000115441 -3.64452e-12 -1.35638e-05 3.05267e-13 3.74975e-20 3.01743e-17 4.80977e-18 3.05115e-17 2.01573e-16 2.15093e-18 -1.06006e-17 -2.03087e-17 -8.64686e-17
20050127T174712 1 16.7488 27.682 121.035 -0.107775 -0.0592967 -8646.75 0.00840594 13.2512 1.09599 1.50391e-16 1.54089e-17 11 7.20655e-10 0.249023 36.9573 137.549 20050128T000000 12 3.80971e-09 -2.17e-06 7.35692e-06 1.63019e-15 0.00188992 -0.00555112 -1.43157e-12 0.0446216 4.99393e-12 1.62159e-21 3.58972e-17 4.50778e-18 3.65607e-17 2.19339e-16 2.41536e-16 5.68305e-17 8.17357e-17 -3.52988e-17
20050127T174712 1 53.4001 23.2571 -161.903 0.154611 0.0086907 23537.4 0.00164024 -3.40011 1.02739 -9.96968e-18 1.54089e-17 11 2.93922e-13 0.25 36.9573 137.549 20050128T000000 7 2.10976e-08 -1.70956e-06 5.94805e-07 -6.08821e-16 0.00171273 -0.0174971 1.91197e-12 0.219264 2.22196e-12 4.28814e-20 5.90126e-18 4.77374e-18 5.63262e-18 3.74533e-17 3.72116e-17 -1.82407e-17 2.77062e-18 -1.07064e-17
20050128T000000 2 18.2114 45.5978 158.934 0.0656601 0.045964 -46305 0.00116833 6.78859 1.05867 4.80311e-16 1.05322e-17 10 4.2742e-11 0.196289 36.9573 137.549 20050128T060504 4 1.72993e-09 -4.12625e-07 -1.22994e-06 -7.5051e-16 0.00125814 -0.00159844 6.57852e-13 0.00816482 3.07645e-14 9.68464e-22 8.21888e-17 4.81642e-18 8.23858e-17 2.62103e-16 -1.82878e-17 5.44278e-16 -3.72643e-16 -5.51024e-17
20050128T000000 2 42.7758 10.7717 99.988 -0.0598336 -0.0316518 -11347.9 0.00166017 -2.77579 1.15998 4.35391e-16 1.05322e-17 10 1.33105e-15 0.128906 36.9573 137.549 20050128T060504 9 1.26555e-09 -8.49014e-07 8.95784e-06 5.92713e-16 0.0011508 0.000584746 -4.81297e-13 0.362078 6.55039e-12 5.68366e-22 1.20165e-16 5.1022e-18 1.19672e-16 1.59093e-16 3.42785e-18 7.90605e-16 -4.01923e-16 -4.94658e-17
20050128T000000 2 69.4024 15.5309 -147.031 0.095149 0.00711772 -3827.68 0.00590084 25.5976 1.05803 2.98686e-16 1.05322e-17 10 3.34822e-12 0.186523 36.9573 137.549 20050128T060504 7 1.67408e-08 -3.97701e-06 7.80373e-06 -1.08779e-14 0.00161965 -0.0145776 2.0368e-12 0.32318 1.48876e-11 1.21222e-20 5.18105e-17 3.7362e-18 5.22006e-17 2.06656e-16 -3.72751e-17 3.44861e-16 -2.68601e-16 -7.09002e-17
20050128T000000 2 108.852 -4.09827 -112.169 0.082626 0.0135605 -15232.5 0.00299464 21.1483 1.02629 2.93265e-16 1.05322e-17 10 7.40961e-13 0.192383 36.9573 137.549 20050128T060504 5 1.84046e-08 -3.57396e-06 -8.65268e-05 -7.6995e-15 0.00153366 -0.00472678 9.00479e-13 1.36531 6.0159e-11 5.55015e-21 5.13261e-17 4.20005e-18 5.14148e-17 1.62869e-16 -1.41943e-17 3.39669e-16 -2.49199e-16 -1.06523e-17
20050128T000000 2 83.3987 59.3513 -53.9296 0.00472797 0.0460306 -7150.75 0.00106594 41.6013 1.03643 2.65157e-16 1.05322e-17 10 1.10915e-15 0.144531 36.9573 137.549 20050128T060504 5 7.69369e-09 3.38456e-06 -1.65049e-05 2.67586e-15 0.00289833 -0.0369399 7.33982e-13 2.05433 2.21731e-11 2.08403e-21 5.32524e-17 3.5745e-18 5.34189e-17 4.80132e-18 -3.64152e-17 3.52909e-16 -1.14697e-16 -2.92355e-17
20050128T000000 0 11.2538 42.5618 150.23 0.0670373 0.044803 -30417.6 0.00204682 38.7462 1.01557 2.18462e-16 1.2695e-17 10 6.76213e-12 0.196289 36.9573 137.549 20050128T060504 6 3.69109e-09 -2.24954e-07 -1.26363e-06 -1.89773e-15 0.00284791 -0.00257514 6.24807e-13 0.00339068 2.73105e-13 1.68361e-21 3.6488e-17 3.64134e-18 3.64287e-17 2.40665e-16 -2.63581e-17 4.82434e-16 -3.31377e-16 -6.75045e-17
20050128T000000 0 26.1558 23.575 111.421 -0.113765 -0.049068 13812.1 0.00758677 -1.15583 1.02027 5.67065e-19 1.2695e-17 10 7.06509e-10 0.25 36.9573 137.549 20050128T060504 8 1.17624e-08 -4.16212e-06 5.82766e-06 4.87869e-15 0.00240057 0.000804658 -2.86924e-12 0.0674014 8.53698e-12 7.35507e-21 5.40141e-18 3.20032e-18 5.54639e-18 3.66419e-17 3.34641e-17 -5.93932e-18 7.66403e-18 -2.2308e-17
20050128T000000 0 116.799 -16.2515 -111.111 0.162718 -0.00193748 -4988.42 0.0199504 13.2009 1.06517 6.54321e-17 1.2695e-17 10 7.85728e-10 0.245117 36.9573 137.549 20050128T060504 7 2.92985e-08 -3.24654e-06 1.92174e-05 -1.06242e-14 0.000540099 -0.00466153 7.3549e-13 0.0958992 8.3385e-12 1.20254e-20 1.85307e-17 3.29487e-18 1.80195e-17 1.19045e-16 -1.77297e-17 -1.17091e-17 3.97891e-18 -2.356e-17
20050128T000000 1 19.4087 46.2088 160.438 0.115028 0.0824357 -11308.9 0.00243894 0.591295 1.0211 -7.16188e-18 9.59852e-18 10 8.05809e-16 0.248047 36.9573 137.549 20050128T060504 5 6.43164e-09 -1.10758e-06 -7.20909e-07 -1.58939e-16 0.00161492 -0.00387991 1.74672e-12 0.0154159 -3.29646e-12 3.72688e-21 2.81201e-18 2.79368e-18 2.84962e-18 6.3707e-18 1.88259e-17 -6.98367e-18 -5.77731e-18 -1.4024e-17
20050128T000000 1 70.4044 -8.30111 79.9013 -0.107994 -0.0556202 -6167.05 0.00162026 -10.4044 1.03011 6.24304e-17 9.59852e-18 10 6.86311e-13 0.25 36.9573 137.549 20050128T060504 7 8.58404e-09 -1.91015e-06 5.55873e-05 1.72417e-15 0.00210319 0.0106874 -2.13659e-12 1.46734 7.37905e-12 3.63327e-21 1.1704e-17 3.14115e-18 1.19775e-17 9.11102e-18 7.91288e-17 -5.24487e-18 7.65821e-18 -9.74553e-18
20050128T000000 1 174.835 -31.8142 -43.1521 0.00873808 0.0809557 766471 0.00026565 0.164831 1.04486 -1.25396e-18 9.59852e-18 10 1.01629e-15 0.246094 36.9573 137.549 20050128T060504 7 1.7528e-08 6.35257e-07 2.29337e-08 6.12937e-15 0.00111322 -0.000179406 5.32856e-13 3.56953e-05 -1.30854e-13 5.85069e-21 4.89411e-18 2.95755e-18 4.17801e-18 -1.17394e-17 2.76018e-17 -1.08344e-17 -1.18294e-18 -8.64404e-18
20050128T055544 2 14.6114 43.9147 154.435 0.0664571 0.0442469 -41991.6 0.00164019 0.388629 1.02257 4.8926e-16 1.06639e-17 11 6.66431e-16 0.204102 36.9573 137.549 20050128T120048 5 2.00073e-09 -3.06384e-07 -1.17113e-06 -8.03702e-16 0.00106148 -0.00111288 5.10462e-13 0.00379801 1.17914e-13 8.80154e-22 7.14215e-17 3.15731e-18 7.04709e-17 2.0908e-16 -1.78766e-17 4.65562e-16 -3.18957e-16 -4.03594e-17
20050128T055544 2 43.146 10.9246 99.3198 -0.0605801 -0.0309334 -10759.3 0.00109901 6.85397 1.16734 4.35073e-16 1.06639e-17 11 5.55289e-11 0.155273 36.9573 137.549 20050128T120048 9 1.43746e-09 -9.75775e-07 9.88923e-06 7.28326e-16 0.00120468 -0.000710852 -5.66731e-13 0.379698 7.56982e-12 6.66472e-22 1.15476e-16 4.35871e-18 1.15804e-16 1.57945e-16 -1.4694e-18 7.65053e-16 -4.05252e-16 -3.83345e-17
20050128T055544 2 99.5986 43.4009 -49.1809 0.00398851 0.0460999 -7903.47 0.00557844 -4.59864 1.14998 3.71017e-16 1.06639e-17 11 1.62402e-10 0.144531 36.9573 137.549 20050128T120048 7 5.38426e-09 2.63431e-06 -4.52238e-06 1.85665e-15 0.00256655 -0.0162883 5.68674e-13 1.46093 2.19072e-11 1.62294e-21 6.75594e-17 3.44242e-18 6.70835e-17 4.79121e-17 -3.03309e-17 4.43184e-16 -1.52854e-16 -1.95768e-17
20050128T055544 2 48.7159 27.1743 -165.449 0.091298 0.00910444 -10135.2 0.00157697 1.28406 1.0085 2.77414e-16 1.06639e-17 11 1.07469e-10 0.191406 36.9573 137.549 20050128T120048 4 1.68462e-08 -3.28074e-06 -3.17176e-06 -8.45917e-15 0.00134118 -0.00628635 1.30439e-12 0.091629 6.34441e-12 6.14811e-21 4.56775e-17 2.96187e-18 4.58818e-17 1.78609e-16 -1.51879e-17 3.03116e-16 -2.34876e-16 -5.83414e-17
20050128T055544 2 15.2269 39.3578 156.646 0.0760706 0.020236 -8789.45 0.00654639 19.7731 1.03972 2.73454e-16 1.06639e-17 11 2.91844e-11 0.196289 36.9573 137.549 20050128T120048 8 9.6953e-09 -3.95579e-06 2.04323e-06 -5.15605e-15 0.00266079 -0.00202558 2.02111e-12 0.00258096 -9.55999e-13 3.65354e-21 4.42772e-17 3.37244e-18 4.40268e-17 1.33043e-16 -1.57693e-17 2.90861e-16 -2.03797e-16 -3.8944e-17
20050128T055544 0 24.4248 46.7477 167.778 0.067765 0.0442775 -13895.7 0.0028578 50.5752 1.04647 2.3466e-16 1.19601e-17 11 2.76413e-14 0.188477 36.9573 137.549 20050128T120048 10 3.25923e-09 -2.4777e-06 -5.51673e-06 -2.25581e-15 0.00759362 0.00126493 3.85735e-12 0.0515346 4.45305e-12 2.97717e-21 3.66852e-17 2.98633e-18 3.65473e-17 2.41448e-16 -3.09096e-19 4.33941e-16 -3.24077e-16 -3.59551e-17
20050128T055544 0 30.396 19.9439 108.699 -0.112289 -0.0547384 -17022.6 0.00435208 -0.39604 1.06472 6.14446e-17 1.19601e-17 11 2.18252e-11 0.245117 36.9573 137.549 20050128T120048 14 1.50378e-08 -6.69446e-06 -1.68686e-06 2.42815e-15 0.00379769 0.00342584 -1.16448e-12 0.109138 7.50541e-12 2.50241e-21 1.29779e-17 2.56692e-18 1.25674e-17 8.30257e-17 1.73931e-16 3.82642e-17 3.51168e-17 -1.46e-17
20050128T055544 1 26.7873 22.3107 111.617 -0.111737 -0.0540495 -10494.2 0.00197964 53.2127 1.11526 1.1227e-16 8.60642e-18 11 5.87464e-13 0.249023 36.9573 137.549 20050128T120048 14 1.27838e-08 -4.04472e-06 1.89438e-05 6.89873e-15 0.00209786 -0.0038878 -2.3162e-12 0.0831328 1.31612e-11 4.95632e-21 2.99046e-17 2.78933e-18 2.9561e-17 6.87563e-17 1.95293e-16 3.49807e-17 3.07862e-17 -2.00978e-17
20050128T055544 1 20.8599 46.3529 162.58 0.117014 0.0807724 -7957.89 0.000227979 -0.859946 1.00362 -1.63201e-17 8.60642e-18 11 1.5258e-15 0.25 36.9573 137.549 20050128T120048 4 6.92437e-09 -1.25477e-06 -2.95111e-07 -8.56867e-16 0.00232965 -0.00419698 3.44022e-12 0.0121094 -5.09171e-12 6.82373e-21 2.41915e-18 2.69441e-18 2.65343e-18 -8.60256e-18 1.75297e-17 -6.387e-18 5.33337e-18 3.35847e-18
20050128T055544 1 16.5908 53.485 139.619 0.00625984 0.0826244 -3723.24 0.00967394 8.40918 1.09612 5.52037e-18 8.60642e-18 11 1.50951e-12 0.249023 36.9573 137.549 20050128T120048 14 1.91676e-08 7.87313e-06 8.44784e-06 6.55382e-15 0.00420389 0.00526136 2.70926e-12 0.0116211 5.58823e-12 7.51224e-21 5.99301e-18 2.72859e-18 6.06046e-18 -4.59622e-18 4.00381e-17 -2.60395e-18 -1.41319e-18 8.34374e-18
20050128T115128 2 22.9236 46.7171 165.541 0.0649967 0.0438476 -53830.6 0.00115244 -2.92359 1.02037 4.94249e-16 1.01443e-17 10 1.02072e-13 0.201172 36.9573 137.549 20050128T175632 5 2.68602e-09 -5.40065e-07 -5.75239e-06 -8.05811e-16 0.000900126 -0.000563964 6.12377e-13 0.0290464 8.79889e-13 9.90269e-22 7.71534e-17 3.22977e-18 7.70699e-17 2.29321e-16 8.28281e-18 5.09158e-16 -3.51061e-16 -5.09628e-17
20050128T115128 2 113.616 29.4919 -46.5352 0.00310643 0.0460015 -7040.93 0.00506342 6.384 1.13779 3.2297e-16 1.01443e-17 10 2.0911e-12 0.163086 36.9573 137.549 20050128T175632 9 5.79919e-09 3.43786e-06 2.79412e-06 1.90439e-15 0.0032602 -0.0144241 7.11415e-13 0.923645 1.99081e-11 1.69504e-21 5.52412e-17 2.73629e-18 5.56975e-17 3.16499e-17 -1.07329e-17 3.67963e-16 -1.23239e-16 -2.16103e-17
20050128T115128 2 37.9621 14.3737 103.286 -0.0604569 -0.0311707 -9981.44 0.00125672 2.03786 1.13104 2.41023e-16 1.01443e-17 10 4.91039e-10 0.147461 36.9573 137.549 20050128T175632 6 2.09889e-09 -1.42502e-06 1.26386e-05 1.00076e-15 0.0018028 -0.00285072 -8.21843e-13 0.356626 8.22706e-12 9.81404e-22 5.45056e-17 2.82874e-18 5.48293e-17 8.70894e-17 7.39101e-18 3.62227e-16 -1.85463e-16 -4.11497e-17
20050128T115128 0 21.6644 46.2914 163.82 0.0656516 0.0438905 -15666.5 0.00128666 8.33558 1.01629 2.11944e-16 1.12159e-17 10 5.37847e-10 0.201172 36.9573 137.549 20050128T175632 6 -4.52046e-08 1.785e-06 0.000226144 -2.40118e-16 0.00141734 -0.0135527 9.93481e-13 -1.06618 -3.97018e-12 1.63332e-21 3.69217e-17 2.91585e-18 3.69764e-17 2.44283e-16 -1.41794e-18 4.86131e-16 -3.46485e-16 -5.09256e-17
20050128T115128 0 49.9172 6.04626 94.565 -0.110472 -0.0571619 -12146.7 0.00221286 10.0828 1.12757 1.93835e-16 1.12159e-17 10 3.64729e-13 0.124023 36.9573 137.549 20050128T175632 14 5.59832e-09 -2.04387e-06 1.57531e-05 2.24328e-15 0.00138359 -0.00237711 -9.84082e-13 0.391988 1.43641e-11 2.73967e-21 3.98213e-17 3.72147e-18 3.94555e-17 2.60661e-16 4.24023e-16 8.62764e-17 9.14556e-17 -5.40069e-17
20050128T115128 1 13.7054 29.4256 123.872 -0.107382 -0.0602954 -8476.57 0.00927756 71.2946 1.32726 2.78764e-16 7.76597e-18 10 4.08836e-13 0.106445 36.9573 137.549 20050128T175632 13 3.30733e-09 -1.67344e-06 2.56884e-06 1.56105e-15 0.00191134 -0.00428345 -1.09701e-12 0.0192003 1.57745e-12 1.80642e-21 7.34185e-17 6.10737e-18 7.28489e-17 2.36729e-16 4.81273e-16 7.02732e-17 8.14832e-17 -5.03377e-17
20050128T115128 1 122.984 2.8129 -86.8347 0.117943 0.0796279 84785.2 0.00166475 -32.9841 1.01336 8.49397e-19 7.76597e-18 10 1.80039e-10 0.245117 36.9573 137.549 20050128T175632 5 5.00632e-09 -9.58487e-07 -2.92911e-05 -5.96021e-16 0.00207202 -0.035364 9.04893e-13 1.62649 8.33155e-12 2.12444e-21 1.83547e-18 2.33916e-18 1.63929e-18 -3.64758e-18 1.08299e-17 -4.81808e-18 -7.62665e-18 -1.17621e-17
20050128T115128 1 68.7709 74.3349 -36.1845 -0.00285846 0.0901613 -3662.63 0.00286301 -13.7709 1.04881 1.48581e-18 7.76597e-18 10 1.96732e-13 0.249023 36.9573 137.549 20050128T175632 9 2.27155e-08 4.77131e-06 1.21305e-05 6.38951e-15 0.00140881 0.000487719 7.47523e-13 0.446163 2.66812e-11 4.82577e-21 4.35101e-18 2.73485e-18 4.48906e-18 4.48589e-18 2.96568e-17 5.1456e-18 -4.1577e-18 -3.45443e-18
20050128T174712 2 22.3207 46.648 164.66 0.0650921 0.0443234 -42507.3 0.000682862 -2.32072 1.00426 5.02909e-16 6.95763e-18 13 1.09891e-15 0.199219 36.9573 137.549 20050129T000000 5 2.39057e-09 -1.00316e-07 -6.41538e-06 -6.59811e-16 0.000908099 -0.00175622 4.9623e-13 0.0325117 1.0744e-12 7.20049e-22 7.88012e-17 2.57107e-18 7.87803e-17 2.63356e-16 -1.07495e-17 5.20458e-16 -3.6844e-16 -5.90486e-17
20050128T174712 0 11.4054 43.2262 149.995 0.0651449 0.0493842 -13854.1 0.00761623 13.5946 1.09979 2.35478e-16 6.77564e-18 13 7.9773e-14 0.193359 36.9573 137.549 20050129T000000 6 -6.04351e-10 -2.03431e-07 3.22707e-06 4.52918e-16 0.00107521 -0.0010345 5.23255e-13 -0.00566084 -2.35542e-12 1.447e-22 4.20577e-17 2.00846e-18 4.17505e-17 2.75823e-16 -6.71215e-18 4.84407e-16 -3.68697e-16 -5.34116e-17
20050128T174712 1 64.5928 -3.23844 83.1143 -0.111458 -0.0537061 65030.6 0.00194953 0.407153 1.00529 5.83996e-17 4.67627e-18 13 4.75019e-11 0.249023 36.9573 137.549 20050129T000000 4 9.20629e-09 -3.2711e-06 1.59541e-05 3.14343e-15 0.00191374 0.00828983 -1.68714e-12 0.672857 1.01848e-11 2.87794e-21 6.5534e-18 1.1693e-18 6.70684e-18 2.95103e-17 4.43084e-17 1.70489e-18 7.69918e-18 -7.67884e-18
20050128T174712 1 17.0555 44.1661 157.919 0.109794 0.0668178 3301.72 0.0159081 -7.05545 1.09655 -7.66401e-18 4.67627e-18 13 1.70332e-10 0.25 36.9573 137.549 20050129T000000 14 1.62985e-08 -2.21369e-06 -6.59305e-06 -1.13078e-14 0.00196749 -0.0016961 1.67485e-12 0.00861667 4.91726e-12 1.08552e-20 2.96574e-19 1.1356e-18 4.4456e-19 2.95633e-17 2.93696e-18 2.41636e-17 -3.37769e-17 -4.62417e-18
20050129T000000 2 41.0351 46.2369 -168.023 0.064614 0.0384325 -11361.2 0.00345414 -11.0351 1.32639 5.07538e-16 5.7112e-18 19 3.12285e-12 0.199219 36.9573 137.549 20050129T060504 14 5.28578e-10 -2.42007e-07 -1.75119e-06 -2.90655e-16 0.000415125 -0.00135981 1.91087e-13 0.0571659 9.27579e-13 2.99645e-22 1.34043e-16 2.35547e-18 1.34185e-16 3.54037e-16 -6.94743e-18 8.86486e-16 -5.55228e-16 -9.46567e-17
20050129T000000 0 21.6416 44.8746 164.291 0.065326 0.0374428 -10085.4 0.00590806 93.3584 1.30466 2.04909e-16 6.14544e-18 19 5.59693e-12 0.196289 36.9573 137.549 20050129T060504 15 1.19752e-09 -5.61091e-07 -2.92149e-07 -6.53481e-16 0.000860568 -0.00122427 4.51967e-13 0.00739769 5.21361e-14 6.53042e-22 5.01305e-17 1.87225e-18 5.02232e-17 3.31797e-16 -7.01548e-18 7.77346e-16 -4.96305e-16 -8.42487e-17
20050129T000000 0 125.112 -0.0628194 -86.8379 0.0639835 0.0395284 -9624.91 0.0159762 -105.112 1.27468 1.88145e-16 6.14544e-18 19 1.37799e-10 0.196289 36.9573 137.549 20050129T060504 12 1.47629e-09 -7.67925e-07 -2.14059e-05 -8.67454e-16 0.00118409 0.00944919 6.41916e-13 1.20451 1.41038e-11 8.32044e-22 4.72016e-17 1.8847e-18 4.73924e-17 3.13096e-16 -8.83723e-18 7.81792e-16 -4.87348e-16 -8.40531e-17
20050129T000000 0 70.3647 34.1782 -132.598 0.0953488 0.0516452 24655.3 0.00168172 14.6353 1.02602 1.72095e-16 6.14544e-18 19 1.13613e-15 0.196289 36.9573 137.549 20050129T060504 6 4.30306e-09 -2.29487e-06 6.54135e-06 -1.05188e-15 0.00243128 -0.0239344 1.22511e-12 0.578676 -5.66629e-12 1.46859e-21 2.76887e-17 1.55165e-18 2.77273e-17 1.83179e-16 6.84414e-19 1.91421e-16 -1.81054e-16 -4.69578e-17
20050129T000000 1 90.8644 23.2462 -112.691 0.112937 0.065779 15583.8 0.00492231 -0.864372 1.03647 8.4227e-19 4.18641e-18 19 9.70728e-12 0.210938 36.9573 137.549 20050129T060504 6 2.16317e-08 -3.163e-06 -9.59686e-05 -8.71121e-15 0.00124145 -0.000505 1.88742e-12 1.18902 5.01664e-11 7.58436e-21 1.58261e-18 9.54696e-19 1.41535e-18 5.98403e-17 9.35042e-18 1.71094e-17 -3.30192e-17 -2.14895e-17
20050129T055544 2 21.3344 45.126 163.768 0.0649316 0.0385724 -12108.3 0.00810154 138.666 1.24738 6.24264e-16 6.49863e-18 29 1.00735e-11 0.198242 36.9573 137.549 20050129T120048 11 5.58927e-10 -1.8979e-07 -1.41235e-07 -3.00739e-16 0.000400969 -0.000610039 1.43509e-13 0.00369138 -1.18299e-14 2.79162e-22 1.38482e-16 2.06045e-18 1.38537e-16 3.5806e-16 -3.35097e-18 9.15237e-16 -5.74394e-16 -7.94332e-17
20050129T055544 0 22.0339 45.3016 164.726 0.0650245 0.0387072 -10330.1 0.00805258 132.966 1.16357 2.60245e-16 6.07741e-18 29 2.15322e-12 0.198242 36.9573 137.549 20050129T120048 9 1.20472e-09 -5.1182e-07 -2.53128e-07 -7.35778e-16 0.000860459 -0.00140985 4.17053e-13 0.0081828 -8.79191e-14 7.82104e-22 5.45925e-17 1.74756e-18 5.4717e-17 3.61485e-16 -2.13215e-18 9.07666e-16 -5.77686e-16 -8.46616e-17
20050129T055544 1 5.41422 39.8577 143.368 0.113697 0.07708 38700.9 0.0069156 -0.414221 1.047 -2.55804e-18 4.48648e-18 29 1.8283e-15 0.243164 36.9573 137.549 20050129T120048 9 9.78347e-09 -1.57753e-06 2.73047e-07 -3.25485e-15 0.000577667 -0.000116284 1.06038e-12 2.53957e-05 -2.21811e-13 5.15208e-21 1.04848e-18 1.16496e-18 1.07548e-18 1.68375e-17 7.10512e-18 -1.4064e-17 4.6246e-18 -2.01873e-18
20050129T115128 2 39.112 47.4394 -170.667 0.0641191 0.040586 -12281.8 0.00603736 120.888 1.26889 7.85748e-16 6.56752e-18 26 2.56276e-13 0.198242 36.9573 137.549 20050129T175632 10 4.90445e-10 -1.94097e-07 -1.58349e-06 -2.3844e-16 0.000359833 -0.00147203 1.62024e-13 0.0482234 7.90021e-13 2.63183e-22 1.69821e-16 2.67096e-18 1.70087e-16 4.65565e-16 -5.88324e-18 1.12367e-15 -7.18226e-16 -1.01879e-16
20050129T115128 0 137.691 -8.42908 -77.3093 0.0630313 0.0417842 -13830 0.00441931 12.309 1.11049 3.3976e-16 6.51256e-18 26 7.44272e-11 0.197266 36.9573 137.549 20050129T175632 8 8.65981e-10 -4.38172e-07 -4.98237e-06 -4.75159e-16 0.000762424 0.000256755 4.13575e-13 0.211652 3.78354e-12 5.86655e-22 6.34387e-17 1.84482e-18 6.34418e-17 4.19125e-16 -4.34654e-19 9.56527e-16 -6.22743e-16 -9.28187e-17
20050129T115128 1 18.0628 46.0024 158.476 0.110017 0.0816514 -23231 0.00211973 11.9372 1.0222 -3.09935e-18 4.97516e-18 26 1.87457e-13 0.245117 36.9573 137.549 20050129T175632 9 7.48787e-09 -1.65672e-06 -6.55926e-06 -5.17657e-15 0.000712774 0.00281312 1.34913e-12 -0.0217012 7.18072e-12 5.3831e-21 3.25476e-18 1.34897e-18 3.33907e-18 3.64797e-17 2.20594e-17 1.96663e-17 -3.45288e-18 -1.23041e-17
20050129T174712 2 22.748 46.0268 165.532 0.0646881 0.0408683 -12202 0.00624892 132.252 1.13505 9.4836e-16 1.64382e-17 40 4.92692e-13 0.203125 36.9573 137.549 20050130T000000 14 1.00032e-09 -3.92837e-07 -7.54818e-07 -4.58015e-16 0.000631043 -0.000832875 3.30599e-13 0.00957909 3.08977e-13 4.8847e-22 1.74309e-16 4.51159e-18 1.74444e-16 4.15077e-16 -3.34856e-17 1.15246e-15 -6.8005e-16 -9.75179e-17
20050129T174712 0 132.59 -4.33652 -80.4077 0.0626467 0.0424938 -23821.9 0.00364495 7.40969 1.04287 3.60416e-16 1.69151e-17 40 8.08359e-11 0.249023 36.9573 137.549 20050130T000000 6 1.73966e-09 -9.20109e-07 -1.99836e-05 -6.88385e-16 0.00229273 0.00101454 1.20652e-12 1.0325 1.68481e-11 1.47065e-21 6.37651e-17 4.7631e-18 6.36078e-17 4.20222e-16 -2.04189e-17 1.04745e-15 -6.49179e-16 -9.26147e-17
20050129T174712 1 16.3979 44.8093 156.616 0.113194 0.0778865 -15738.4 0.00605611 -1.39792 1.06931 -2.57876e-17 1.53392e-17 40 1.01601e-12 0.249023 36.9573 137.549 20050130T000000 12 2.18149e-08 -2.87522e-06 2.27439e-06 -1.41622e-14 0.000945491 -0.000934808 2.25686e-12 0.00352316 -1.36658e-12 1.13899e-20 1.06679e-17 5.37641e-18 1.01113e-17 -2.33612e-17 6.67996e-17 -1.38745e-17 -1.41293e-17 -8.85299e-18
