20051005T000000 2 46.1051 51.1278 -159.368 0.0583998 0.0470428 -24686 0.00450597 73.8949 1.10935 3.97799e-16 3.44394e-18 23 3.20753e-13 0.208008 36.9363 137.554 20051005T060504 5 7.77803e-10 -1.87217e-07 -4.54548e-06 -3.59231e-16 0.0005382 0.00463461 3.44187e-13 0.316831 3.93171e-12 4.54224e-22 7.14836e-17 1.28818e-18 7.16901e-17 1.91491e-16 -7.67982e-18 4.73617e-16 -3.02271e-16 -5.91478e-17
20051005T000000 2 128.013 15.0164 -37.901 -0.00443752 0.045785 4222.98 0.000965756 -28.0133 1.05792 2.73389e-16 3.44394e-18 23 1.41134e-14 0.198242 36.9363 137.554 20051005T060504 6 3.30076e-09 1.01517e-06 -7.95375e-06 5.62758e-16 0.000579102 -0.0060984 2.85011e-14 0.101897 3.14095e-12 1.56688e-21 4.69214e-17 1.11679e-18 4.72873e-17 4.32592e-17 -7.20889e-18 3.12401e-16 -1.17212e-16 -2.32623e-17
20051005T000000 0 42.3459 51.1429 -165.367 0.0591101 0.0467718 -15623 0.00522633 37.6541 1.09586 1.60452e-16 3.13623e-18 23 1.3946e-15 0.203125 36.9363 137.554 20051005T060504 10 1.9806e-09 -7.15045e-07 -6.88045e-06 -1.23255e-15 0.00125348 0.00167359 9.63603e-13 0.527781 2.28776e-12 1.43522e-21 2.92997e-17 1.02777e-18 2.91425e-17 1.92529e-16 -6.97083e-18 4.68882e-16 -3.01746e-16 -5.68175e-17
20051005T000000 1 14.8644 46.0187 153.288 0.0991702 0.0910346 67290.3 0.00104854 0.135606 1.01605 2.94655e-18 2.35439e-18 23 9.42609e-14 0.185547 36.9363 137.554 20051005T060504 7 7.41626e-09 -2.49097e-06 5.76664e-07 -2.17912e-15 0.00229741 -0.00214145 1.78521e-12 0.00733056 -1.23546e-12 2.38383e-21 7.67432e-19 4.93608e-19 7.68081e-19 1.3856e-17 5.07429e-18 -3.48827e-18 -3.58035e-18 -3.56698e-18
20051005T000000 1 161.375 -18.3334 -40.7444 -0.00697774 0.0804833 14539.7 0.00208723 -1.37453 1.01756 -5.53939e-18 2.35439e-18 23 2.63447e-12 0.173828 36.9363 137.554 20051005T060504 6 2.04951e-08 3.48005e-06 -1.90465e-06 9.28513e-15 0.00190591 -0.00272847 5.90533e-13 0.00598761 9.05269e-14 9.21777e-21 7.98426e-19 6.13559e-19 7.59092e-19 3.56541e-18 5.01491e-18 -1.81527e-18 1.23941e-18 2.56025e-18
20051005T055544 2 53.7391 51.9446 -146.591 0.0552914 0.0497774 127959 0.000366682 6.26088 1.00058 4.18235e-16 2.87388e-18 43 5.0924e-10 0.208008 36.9363 137.554 20051005T120048 3 7.68633e-10 -2.31518e-07 -1.49478e-05 -3.30366e-16 0.000654848 0.0133287 4.56408e-13 0.898264 1.25851e-11 4.97811e-22 6.28955e-17 9.39696e-19 6.28247e-17 1.81467e-16 -1.22059e-18 4.15048e-16 -2.72354e-16 -4.82429e-17
20051005T055544 2 111.517 31.4099 -35.404 -0.00532925 0.0472629 -8143.35 0.00228671 -6.51681 1.18889 2.42001e-16 2.87388e-18 43 6.20957e-15 0.200195 36.9363 137.554 20051005T120048 6 1.47087e-09 4.76132e-07 -3.78532e-06 3.34822e-16 0.000278679 -0.00361829 -3.79419e-14 0.0985066 3.99253e-12 6.98741e-22 4.83563e-17 7.10616e-19 4.84463e-17 4.12454e-17 -5.32792e-18 3.20058e-16 -1.1819e-16 -1.95402e-17
20051005T055544 2 160.009 -53.7958 -58.1625 0.00866814 -0.0165834 -420.296 0.00852133 -20.0093 1.09075 1.56303e-16 2.87388e-18 43 1.13297e-10 0.133789 36.9363 137.554 20051005T120048 8 1.26791e-08 9.06062e-07 1.77489e-07 8.20662e-15 0.0028961 0.00526102 4.19345e-13 0.0149543 4.5757e-12 3.18002e-20 2.89577e-17 5.56444e-19 2.90542e-17 6.18499e-18 -2.52382e-18 1.91945e-16 -2.70406e-17 -7.06052e-18
20051005T055544 0 90.519 31.9273 -104.03 0.0555187 0.0495743 323230 0.000671082 9.48099 1.00171 1.84263e-16 2.35311e-18 43 1.10938e-11 0.200195 36.9363 137.554 20051005T120048 3 1.19828e-09 -3.25534e-07 -3.54545e-05 -6.11137e-16 0.000955593 0.0296396 6.81655e-13 3.37459 3.20324e-11 8.3193e-22 2.77114e-17 6.07443e-19 2.77919e-17 1.83606e-16 -8.623e-19 4.10155e-16 -2.72326e-16 -4.84741e-17
20051005T055544 1 157.622 -19.5309 -58.8628 0.0954995 0.100786 15059.9 0.0113395 -27.622 1.04738 6.6299e-18 1.77762e-18 43 1.06728e-11 0.18457 36.9363 137.554 20051005T120048 11 2.71672e-09 6.86724e-07 2.70918e-07 5.99836e-16 0.00186312 0.00355393 2.15655e-12 0.0814212 4.02404e-12 3.55625e-21 1.35433e-18 4.43638e-19 1.41504e-18 8.2047e-18 9.34837e-18 -4.78494e-19 1.03566e-18 -2.39214e-18
20051005T055544 1 22.1817 49.0226 111.939 -0.124158 0.10831 -1203.15 0.118352 -12.1817 1.02963 -3.49421e-18 1.77762e-18 43 4.64383e-10 0.163086 36.9363 137.554 20051005T120048 9 9.95662e-08 7.51592e-07 -1.60817e-06 -1.33026e-13 0.000222854 0.000178852 -6.556e-12 0.000831513 -7.17367e-12 5.67143e-19 2.73971e-19 4.33274e-19 3.109e-19 8.47271e-19 2.05395e-18 -3.86619e-18 5.27198e-20 1.46668e-18
20051005T115128 2 34.2941 55.1216 -179.388 0.0543836 0.0562142 -19278.7 0.00136171 -4.29408 1.03227 6.80099e-16 2.51589e-18 45 7.89325e-16 0.18457 36.9363 137.554 20051005T175632 5 1.28754e-10 1.64102e-08 -4.01143e-07 -3.34924e-17 0.00020654 0.00127808 9.76081e-14 0.0781724 8.37226e-13 1.12238e-22 1.32842e-16 1.0726e-18 1.32944e-16 3.79668e-16 -1.94402e-18 8.78286e-16 -5.71921e-16 -8.80095e-17
20051005T115128 2 108.823 -61.5881 -164.936 0.0184652 -0.0392491 10103.1 0.00170864 11.177 1.03888 2.23124e-16 2.51589e-18 45 2.16827e-15 0.191406 36.9363 137.554 20051005T175632 5 3.33116e-09 6.8015e-07 1.03727e-05 7.18183e-16 0.000282404 0.00398845 5.42995e-13 0.109272 1.34083e-11 5.06581e-21 4.09299e-17 6.78645e-19 4.0876e-17 3.24137e-17 -4.00483e-18 2.70045e-16 -8.35313e-17 -1.65965e-17
20051005T115128 2 117.899 24.9893 -35.5107 -0.00600902 0.0483915 -18703.1 0.00353842 -7.89936 1.20304 1.90992e-16 2.51589e-18 45 2.76291e-16 0.208984 36.9363 137.554 20051005T175632 11 2.63356e-09 8.21408e-07 -4.97161e-06 6.3169e-16 0.000397397 -0.00397466 5.09166e-14 0.0875733 3.55139e-12 8.93038e-22 3.98258e-17 6.58513e-19 3.98732e-17 3.7815e-17 -3.466e-18 2.6342e-16 -1.04291e-16 -1.40839e-17
20051005T115128 0 39.757 56.0668 -169.89 0.0543839 0.0562154 -17711.7 0.00136266 0.243039 1.02398 2.93507e-16 2.16956e-18 45 7.15778e-14 0.18457 36.9363 137.554 20051005T175632 5 2.61151e-10 6.16545e-08 3.9433e-07 -6.19236e-17 0.000400462 0.00313349 1.87141e-13 0.257786 1.6592e-12 2.28509e-22 5.76035e-17 8.44929e-19 5.76125e-17 3.80614e-16 -2.03455e-18 8.76081e-16 -5.72317e-16 -8.70618e-17
20051005T115128 0 153.244 -59.0359 -65.8945 0.0362584 -0.071464 4762.33 0.000595012 -3.24356 1.01369 3.37568e-18 2.16956e-18 45 7.91788e-12 0.196289 36.9363 137.554 20051005T175632 6 5.61522e-08 5.89139e-06 1.32029e-05 -5.56273e-15 0.000849587 0.00178517 1.00293e-12 0.00845187 8.97033e-12 4.57935e-20 1.27293e-18 3.17595e-19 1.23584e-18 8.16454e-18 -3.78888e-18 7.31428e-18 -6.50363e-18 -1.14883e-18
20051005T115128 1 61.5263 52.1499 -133.012 0.0981281 0.100258 -104591 0.00188965 -1.52632 1.03873 1.58671e-17 1.59912e-18 45 4.98778e-10 0.182617 36.9363 137.554 20051005T175632 5 1.41056e-09 -1.72214e-07 -1.22206e-05 -4.82559e-16 0.00093857 0.00293115 9.04893e-13 1.58004 2.29976e-11 2.07512e-21 3.28736e-18 3.43912e-19 3.3376e-18 1.20729e-17 2.20497e-17 1.42817e-17 1.05548e-17 -5.16766e-19
20051005T115128 1 108.267 -59.98 -163.342 0.0368375 -0.0723244 3781.41 0.000898127 -18.2673 1.01034 -1.71885e-18 1.59912e-18 45 5.84207e-14 0.19043 36.9363 137.554 20051005T175632 6 4.71025e-08 7.75305e-06 0.000133408 2.28738e-14 0.00184184 0.0283886 7.13036e-12 0.62155 1.43532e-10 6.01377e-20 3.02139e-20 3.89098e-19 3.49015e-20 4.61941e-18 2.30575e-19 3.25103e-18 -5.85176e-18 -1.2417e-18
20051005T115128 1 3.94821 40.8619 136.981 0.00299657 -0.0270396 1557.97 0.108704 1.05179 1.0571 -5.25267e-18 1.59912e-18 45 4.20406e-15 0.163086 36.9363 137.554 20051005T175632 14 1.22716e-07 2.25095e-05 3.51059e-06 -1.39276e-13 0.0149678 0.00198105 -3.42645e-11 0.000273992 -5.06585e-12 1.81105e-19 3.74133e-19 3.27997e-19 3.70871e-19 3.75664e-18 2.45014e-18 3.745e-17 9.25964e-18 1.80521e-18
20051005T174712 2 33.3179 55.0148 178.904 0.0542137 0.0565512 -19318.1 0.0017391 11.6821 1.05468 6.92397e-16 2.45757e-18 33 1.74196e-12 0.179688 36.9363 137.554 20051006T000000 7 1.55722e-10 1.22786e-08 -8.23981e-07 -4.2517e-17 0.000224145 0.000409578 1.04763e-13 0.0609651 6.68987e-13 1.22897e-22 1.36543e-16 1.28866e-18 1.36839e-16 3.7945e-16 -2.56359e-19 9.04019e-16 -5.83034e-16 -8.00979e-17
20051005T174712 2 105.426 -59.2971 -170.025 0.0182306 -0.0392231 20146.3 0.00193246 19.5736 1.05163 2.71003e-16 2.45757e-18 33 7.63412e-16 0.193359 36.9363 137.554 20051006T000000 5 2.47442e-09 5.46218e-07 8.6844e-06 2.90797e-16 0.000241564 0.00364938 3.65144e-13 0.101242 9.77847e-12 3.51821e-21 4.97146e-17 6.77258e-19 4.98e-17 3.75308e-17 -5.72266e-18 3.29001e-16 -1.02686e-16 -2.03561e-17
20051005T174712 2 125.831 17.155 -37.1965 -0.00509251 0.0472619 -28047.3 0.00226378 -15.8313 1.20548 1.86673e-16 2.45757e-18 33 6.10742e-15 0.207031 36.9363 137.554 20051006T000000 6 3.38774e-09 1.19201e-06 -4.00823e-06 1.02128e-15 0.000597662 -0.00399933 1.85735e-13 0.078678 2.91889e-12 9.77035e-22 3.92341e-17 7.75248e-19 3.92954e-17 3.8067e-17 -2.18655e-18 2.59603e-16 -9.66792e-17 -1.43598e-17
20051005T174712 0 32.654 54.7508 177.838 0.0542703 0.0562978 -18220 0.00148883 42.346 1.04226 2.96385e-16 2.18157e-18 33 4.82569e-13 0.186523 36.9363 137.554 20051006T000000 8 2.63975e-10 3.34434e-08 -1.65658e-06 -6.08214e-17 0.000428167 -0.000105467 1.95824e-13 0.115705 1.21655e-12 2.29564e-22 5.75996e-17 9.85227e-19 5.76434e-17 3.80819e-16 -3.09513e-19 9.0074e-16 -5.83125e-16 -7.87738e-17
20051005T174712 0 67.282 -25.6832 164.059 0.034624 -0.0711651 -6758.15 0.00160951 7.71797 1.00412 6.87049e-18 2.18157e-18 33 4.17404e-15 0.185547 36.9363 137.554 20051006T000000 5 2.99374e-08 3.83702e-06 3.6714e-05 -8.22858e-15 0.000956034 0.0105273 4.90304e-13 0.226935 1.5071e-11 1.42151e-20 1.38779e-18 3.06669e-19 1.37577e-18 9.08896e-18 -1.82902e-18 6.94717e-18 -7.65017e-18 -2.74506e-18
20051005T174712 1 36.2654 55.733 -176.08 0.0975915 0.102013 -60182.5 0.00313895 58.7346 1.03701 2.19302e-17 1.44765e-18 33 1.39754e-11 0.181641 36.9363 137.554 20051006T000000 6 1.00897e-09 -7.18248e-08 -4.41934e-06 -1.02192e-16 0.000832966 -0.0043264 6.38619e-13 0.211632 -2.32239e-13 8.94354e-22 4.31751e-18 3.44381e-19 4.33378e-18 1.73286e-17 2.86309e-17 2.22428e-17 8.71706e-18 1.71877e-19
20051005T174712 1 2.54776 34.681 139.016 0.0252038 -0.0468537 -2034.37 0.0273659 2.45224 1.10991 -1.84219e-18 1.44765e-18 33 1.00083e-14 0.18457 36.9363 137.554 20051006T000000 9 3.86524e-07 -3.0248e-05 1.41802e-06 -6.48124e-14 0.0030455 -0.000117774 5.04597e-12 5.48073e-06 -2.36794e-13 1.09466e-20 1.07407e-18 3.15724e-19 1.02811e-18 1.31673e-17 6.79217e-18 3.92787e-17 -2.24455e-17 -4.50481e-18
20051005T174712 1 5.34021 42.2069 136.415 -0.0142224 0.0884772 -1993.47 0.00912043 -0.340214 1.05123 -2.79898e-18 1.44765e-18 33 1.48754e-15 0.183594 36.9363 137.554 20051006T000000 15 3.49179e-08 6.59458e-06 8.45801e-07 -2.14751e-14 0.00226279 0.000355672 -4.34229e-12 6.10505e-05 -6.01773e-13 2.42891e-20 4.93382e-19 3.06108e-19 5.47121e-19 3.33666e-18 3.61453e-18 3.64109e-18 -4.41949e-18 -1.34338e-18
20051006T000000 2 27.9558 53.1688 170.34 0.0544345 0.0563277 -19940.1 0.00144312 22.0442 1.0564 4.49059e-16 2.02619e-18 48 2.63261e-10 0.194336 36.9363 137.554 20051006T060504 7 1.40875e-10 9.52671e-09 -5.85454e-07 -3.48795e-17 0.000206613 -0.000124814 9.04889e-14 0.023533 2.81106e-13 1.13692e-22 8.71899e-17 8.07797e-19 8.74481e-17 2.5412e-16 8.3405e-20 5.77721e-16 -3.75691e-16 -5.69498e-17
20051006T000000 2 116.402 26.605 -36.727 -0.00464016 0.0466335 -8611.01 0.00167262 -16.4023 1.2083 2.957e-16 2.02619e-18 48 3.48884e-13 0.200195 36.9363 137.554 20051006T060504 5 1.24976e-09 4.34097e-07 -2.00386e-06 3.95237e-16 0.000249431 -0.00243799 4.44324e-14 0.0676017 1.91563e-12 3.61186e-22 6.91525e-17 7.52196e-19 6.92335e-17 5.83774e-17 -2.52908e-18 4.57388e-16 -1.63552e-16 -2.60228e-17
20051006T000000 2 107.275 -60.552 -167.31 0.0182116 -0.0388827 15211.4 0.00210868 12.725 1.04767 2.3159e-16 2.02619e-18 48 2.96335e-15 0.192383 36.9363 137.554 20051006T060504 5 2.371e-09 4.91788e-07 6.70214e-06 -2.54792e-16 0.000224926 0.002961 2.59068e-13 0.0866184 7.28673e-12 2.51402e-21 4.23949e-17 5.76543e-19 4.24313e-17 3.21912e-17 -5.02705e-18 2.8032e-16 -8.61487e-17 -1.91929e-17
20051006T000000 0 26.7408 52.6587 168.517 0.0545073 0.0562288 -19213 0.00132388 23.2592 1.05266 1.9448e-16 1.72799e-18 48 1.08359e-12 0.189453 36.9363 137.554 20051006T060504 7 1.8899e-10 -2.07206e-09 -6.31916e-07 -4.79872e-17 0.000320868 -0.000159761 1.55143e-13 0.0330886 3.29863e-13 1.80967e-22 3.83797e-17 5.35092e-19 3.84838e-17 2.54241e-16 1.2357e-19 5.77379e-16 -3.75793e-16 -5.69318e-17
20051006T000000 0 154.414 -58.7661 -63.1062 0.0329255 -0.0708912 -3218.89 0.00326836 5.58568 1.02096 5.9228e-18 1.72799e-18 48 1.61022e-15 0.183594 36.9363 137.554 20051006T060504 10 3.1263e-08 3.74467e-06 9.30673e-06 -9.43715e-15 0.000758279 0.00153858 1.58783e-13 0.0097868 4.32822e-12 2.12555e-20 1.37562e-18 2.09367e-19 1.36626e-18 9.02611e-18 -1.60529e-18 5.33909e-18 -5.74165e-18 -1.97405e-18
20051006T000000 1 78.3651 42.975 -111.992 0.0987055 0.10061 -85331.5 0.00143094 11.6349 1.01176 1.17943e-17 1.13333e-18 48 5.3156e-12 0.189453 36.9363 137.554 20051006T060504 6 1.21451e-09 -1.47449e-08 -2.78601e-05 -3.23425e-16 0.00120441 -0.0208825 6.6171e-13 2.76471 4.56251e-12 1.02922e-21 2.20016e-18 2.28362e-19 2.16095e-18 1.0947e-17 1.42762e-17 1.01843e-17 4.68953e-18 -1.45483e-18
20051006T000000 1 45.4001 80.924 107.92 -0.00919833 0.0831542 12881.6 0.00216328 -10.4001 1.01127 -6.66139e-19 1.13333e-18 48 1.32361e-11 0.164062 36.9363 137.554 20051006T060504 8 5.14154e-08 1.66833e-05 -0.000123982 3.50971e-15 0.00722221 -0.0726587 -2.01966e-12 0.988756 5.64473e-11 8.10998e-21 3.62313e-19 2.50852e-19 3.61573e-19 5.54606e-18 2.38872e-18 2.41168e-18 -2.11228e-18 -1.17021e-18
20051006T000000 1 109.901 -60.9264 -160.62 0.038596 -0.0750557 -5642.41 0.0040096 0.0989836 1.00925 -5.97887e-19 1.13333e-18 48 9.10853e-15 0.164062 36.9363 137.554 20051006T060504 9 8.81069e-08 1.24047e-05 3.66641e-05 -2.95373e-14 0.00297034 -0.00530989 -2.72739e-12 0.412136 3.25785e-11 3.24044e-20 2.11325e-19 2.52695e-19 2.20894e-19 4.5274e-18 1.45932e-18 5.96843e-18 -4.55129e-18 -1.53278e-18
20051006T055544 2 112.514 30.5115 -36.6795 -0.00440118 0.0469483 -7901.05 0.00310985 7.48594 1.26368 3.23944e-16 2.15935e-18 42 4.41422e-14 0.19043 36.9363 137.554 20051006T120048 6 1.27533e-09 4.50503e-07 -2.81679e-06 3.66278e-16 0.00027897 -0.0030707 2.2045e-14 0.0882695 2.28642e-12 3.8945e-22 6.83575e-17 7.50075e-19 6.85026e-17 5.67255e-17 -2.87249e-18 4.52559e-16 -1.56802e-16 -2.46815e-17
20051006T055544 2 28.7306 53.5542 171.476 0.0543404 0.0566652 -22117.9 0.00179107 26.2694 1.08624 2.31156e-16 2.15935e-18 42 7.15213e-10 0.194336 36.9363 137.554 20051006T120048 6 1.95164e-10 -9.50976e-09 -1.17273e-06 -1.91651e-17 0.000336322 -0.000307003 1.45355e-13 0.0405204 3.08404e-13 1.74579e-22 4.39377e-17 6.30866e-19 4.403e-17 1.25686e-16 -2.88667e-18 2.90882e-16 -1.88586e-16 -3.47604e-17
20051006T055544 2 107.212 -60.6317 -167.667 0.0179305 -0.0386181 24491.8 0.00248844 17.7882 1.04798 1.99882e-16 2.15935e-18 42 2.03998e-10 0.179688 36.9363 137.554 20051006T120048 6 3.10308e-09 6.389e-07 9.34421e-06 -3.75025e-16 0.00030013 0.00405021 2.23408e-13 0.12324 7.24192e-12 2.63456e-21 3.56393e-17 5.47723e-19 3.57286e-17 2.9171e-17 -3.90713e-18 2.36039e-16 -7.58054e-17 -1.03852e-17
20051006T055544 0 22.973 51.0613 163.008 0.0545495 0.0565005 -20341 0.00156669 27.027 1.07433 9.99192e-17 1.85105e-18 42 6.29138e-15 0.19043 36.9363 137.554 20051006T120048 7 2.87415e-10 -8.88359e-09 -1.03272e-06 -2.87815e-17 0.000555622 -0.00098134 2.46909e-13 0.0242441 8.00503e-14 2.98219e-22 1.91773e-17 4.18303e-19 1.91963e-17 1.2682e-16 -3.27411e-18 2.88218e-16 -1.8902e-16 -3.48908e-17
20051006T055544 0 12.2446 45.757 148.879 0.0698029 0.0819681 -21504.2 0.00567986 -2.24457 1.09055 5.24872e-17 1.85105e-18 42 1.26188e-10 0.194336 36.9363 137.554 20051006T120048 9 1.74789e-09 -1.90453e-07 -3.98659e-07 2.57743e-16 0.000717588 -0.000792518 4.57362e-13 0.00180825 -3.90594e-13 6.95593e-22 9.77595e-18 4.08588e-19 9.88173e-18 6.52832e-17 -1.22679e-18 5.94481e-17 -6.10024e-17 -1.81724e-17
20051006T055544 1 169.595 -26.5518 -41.387 -0.00784516 0.0886243 -4123.26 0.00179614 0.404993 1.01638 -2.1502e-18 1.22627e-18 42 5.35725e-12 0.164062 36.9363 137.554 20051006T120048 7 2.80826e-08 4.66495e-06 -1.52084e-06 1.41924e-14 0.00189523 -0.000847932 2.01307e-12 0.000566629 -7.14734e-13 8.97226e-21 1.01051e-18 3.01729e-19 9.94885e-19 2.61508e-18 6.57266e-18 -6.4166e-19 5.00819e-19 3.17091e-19
20051006T055544 1 126.877 5.10984 -77.6434 0.100799 0.0990166 -65347.5 0.00179946 8.12347 1.02731 5.84903e-18 1.22627e-18 42 1.49431e-11 0.185547 36.9363 137.554 20051006T120048 7 2.31413e-09 9.43589e-08 -8.15563e-06 -1.70448e-16 0.00175284 -0.00646207 1.1508e-12 0.79754 1.27923e-12 2.06318e-21 9.83721e-19 2.57286e-19 9.51061e-19 8.50924e-18 6.28314e-18 1.63377e-18 -4.13038e-19 -1.8902e-18
20051006T055544 1 160.026 -53.9455 -57.7909 0.0389146 -0.0769477 -2848.25 0.00574235 -0.0257419 1.03559 1.70671e-19 1.22627e-18 42 2.28777e-11 0.164062 36.9363 137.554 20051006T120048 8 2.74974e-08 3.09856e-06 1.59778e-06 -1.82421e-14 0.000516394 7.31125e-05 -1.93645e-12 0.00112027 3.78167e-13 3.25741e-20 5.55562e-19 2.92841e-19 5.76763e-19 3.53617e-18 3.81036e-18 2.02964e-18 -3.26882e-18 1.30479e-18
20051006T115128 2 116.24 26.9016 -38.7812 -0.00307345 0.0484858 -7632.96 0.00245038 -6.23977 1.05815 3.90159e-16 3.23634e-18 38 3.04297e-15 0.175781 36.9363 137.554 20051006T175632 4 1.53653e-09 5.76719e-07 -3.67396e-06 4.79187e-16 0.000446161 -0.00411867 5.86156e-14 0.110826 2.08584e-12 4.34879e-22 6.81199e-17 8.86598e-19 6.82464e-17 5.69517e-17 -1.81261e-18 4.50867e-16 -1.62503e-16 -1.86478e-17
20051006T115128 2 17.6768 48.8022 155.525 0.0551493 0.0608228 -14192.1 0.0008362 17.3232 1.10773 3.11686e-16 3.23634e-18 38 2.47806e-15 0.172852 36.9363 137.554 20051006T175632 5 2.09173e-10 -3.18761e-09 -3.28826e-07 -3.58718e-17 0.000328565 -0.00045215 1.96145e-13 0.00335902 -3.53538e-14 2.35175e-22 6.80883e-17 1.00013e-18 6.8064e-17 2.05386e-16 -7.30436e-19 4.49661e-16 -2.90241e-16 -3.83173e-17
20051006T115128 0 15.9302 47.7501 153.437 0.0553901 0.0608958 -12469.7 0.000977111 9.06984 1.08041 1.44121e-16 2.73819e-18 38 2.10922e-13 0.171875 36.9363 137.554 20051006T175632 8 3.84537e-10 2.83213e-09 -4.24815e-07 -7.23688e-17 0.000517159 -0.000622519 2.95621e-13 0.00350284 -6.91039e-14 3.78453e-22 3.14515e-17 7.62144e-19 3.13744e-17 2.07274e-16 -7.95716e-19 4.4445e-16 -2.8986e-16 -3.86938e-17
20051006T115128 0 12.2726 46.0715 148.512 0.0681537 0.0856465 -4442.41 0.00987086 67.7274 1.2426 1.17789e-16 2.73819e-18 38 4.65011e-15 0.175781 36.9363 137.554 20051006T175632 11 9.45712e-09 -1.43934e-08 -8.18025e-07 3.33821e-15 0.000548098 -0.000178951 7.78915e-13 0.000977959 -7.32256e-14 2.73342e-21 2.53646e-17 7.63342e-19 2.54015e-17 1.67814e-16 3.71964e-18 1.53616e-16 -1.52814e-16 -4.66269e-17
20051006T115128 1 170.654 -27.5945 -41.7338 -0.00605142 0.0927754 10549.9 0.00404934 -0.653897 1.0238 -2.30182e-18 2.22518e-18 38 5.20149e-10 0.225586 36.9363 137.554 20051006T175632 6 9.86267e-08 3.97783e-06 5.4185e-07 4.4046e-14 0.00345247 -0.00142842 1.79254e-12 0.000870713 -4.73319e-14 2.09252e-20 1.0301e-18 4.02458e-19 1.01122e-18 3.69638e-18 6.68057e-18 -3.23632e-18 -3.89558e-19 -4.41058e-20
20051006T115128 1 23.9231 51.0997 164.666 0.100859 0.100522 63802.6 0.00770504 -3.9231 1.01897 3.38742e-18 2.22518e-18 38 5.78834e-12 0.239258 36.9363 137.554 20051006T175632 6 2.58805e-09 -1.97655e-07 -1.55035e-06 -1.14156e-16 0.00237432 -0.00825856 2.20033e-12 0.0410368 -5.97157e-12 3.37035e-21 1.86762e-18 3.75505e-19 1.87423e-18 1.94426e-17 1.2382e-17 1.80448e-17 -1.03252e-17 -3.26016e-18
20051006T174712 2 116.397 26.7618 -39.1519 -0.00279699 0.0489757 -8007.58 0.00242949 -11.3968 1.10333 3.58601e-16 3.059e-18 46 3.16027e-14 0.177734 36.9363 137.554 20051007T000000 5 1.25638e-09 4.80643e-07 -2.58464e-06 3.8627e-16 0.000316976 -0.00300588 4.21468e-14 0.0802223 1.92865e-12 3.55027e-22 6.92073e-17 7.30149e-19 6.94506e-17 6.3093e-17 -5.59046e-18 4.58822e-16 -1.67225e-16 -2.32899e-17
20051006T174712 2 20.4464 50.2934 159.112 0.0552993 0.0605402 -14740.3 0.000617529 24.5536 1.07549 3.08157e-16 3.059e-18 46 1.37855e-15 0.174805 36.9363 137.554 20051007T000000 5 2.05472e-10 -7.80858e-09 -4.64931e-07 -4.16967e-17 0.000333121 -0.000577345 1.75832e-13 0.00759433 2.68038e-14 2.07633e-22 6.15154e-17 9.01529e-19 6.16076e-17 1.91294e-16 -2.86047e-18 4.07008e-16 -2.66729e-16 -3.50971e-17
20051006T174712 0 19.0902 49.5361 157.371 0.0554 0.0605327 -13238.2 0.00066614 15.9098 1.04818 1.47948e-16 2.49722e-18 46 1.06896e-13 0.174805 36.9363 137.554 20051007T000000 5 3.32374e-10 -9.32061e-09 -6.2896e-07 -7.56976e-17 0.000457428 -0.000529432 2.64602e-13 0.00888658 1.18313e-13 3.60939e-22 2.90203e-17 5.71932e-19 2.9045e-17 1.91885e-16 -2.73497e-18 4.05468e-16 -2.66551e-16 -3.45139e-17
20051006T174712 0 22.1542 50.5087 162.01 0.0670646 0.0682829 -22964.9 0.00440385 62.8458 1.07368 1.05575e-16 2.49722e-18 46 3.88646e-10 0.171875 36.9363 137.554 20051007T000000 7 1.02694e-09 -1.25484e-07 -3.87502e-10 2.48341e-16 0.00203524 -0.00781989 1.53473e-13 0.0395646 1.44291e-12 9.61962e-22 1.90649e-17 6.24293e-19 1.91225e-17 1.26332e-16 4.04414e-19 1.84742e-16 -1.49975e-16 -4.34406e-17
20051006T174712 0 12.9361 46.5926 149.116 0.0685454 0.087311 -5812.64 0.00846702 47.0639 1.25935 1.00846e-16 2.49722e-18 46 2.14824e-14 0.176758 36.9363 137.554 20051007T000000 9 2.0018e-09 2.21741e-07 -1.85837e-07 9.56705e-16 0.000472516 -0.000205602 6.50249e-13 0.00121895 5.21248e-14 1.4006e-21 2.254e-17 5.9566e-19 2.25715e-17 1.49117e-16 6.93102e-19 1.32115e-16 -1.33715e-16 -3.95793e-17
20051006T174712 1 174.412 -31.3475 -42.1202 -0.00418798 0.0896583 3562.2 0.00482413 -4.41247 1.04237 -1.035e-18 2.15015e-18 46 1.58793e-15 0.236328 36.9363 137.554 20051007T000000 12 2.14646e-08 1.65904e-06 -3.15757e-07 1.17918e-14 0.00132359 -0.000239923 9.40975e-13 5.21364e-05 -2.32146e-13 8.36559e-21 1.29536e-18 3.85182e-19 1.40129e-18 2.14248e-18 9.25758e-18 1.56933e-17 -3.66026e-18 -3.22904e-18
20051006T174712 1 28.8751 52.9199 172.129 0.102083 0.100948 -20021.6 0.00769658 -3.8751 1.12339 9.97383e-19 2.15015e-18 46 1.13126e-12 0.169922 36.9363 137.554 20051007T000000 9 2.83478e-09 -1.7978e-07 -2.58488e-07 9.095e-16 0.00108644 -0.00420668 5.44162e-13 0.0387316 -7.85566e-13 1.6049e-21 3.37744e-18 3.74816e-19 3.36311e-18 2.03672e-17 2.22182e-17 1.05723e-17 1.42754e-18 5.73204e-18
